005-02-S_x	23.6238	3.7496	44.1696	2.8614	25.7224	0.5824		(69, 177)	(234, 81)	(276, 140)	(320, 220)	(98, 188)			234	226	192	158	124	90	69	98	133	168	203	238	273	320	276		
005-02-S_y															219	189	185	181	168	146	123	112	112	91	79	76	81	80	160	
005-03-S_x	23.8100	3.8454	46.4542	2.9510	27.3576	0.5889		(98, 147)	(260, 85)	(278, 131)	(319, 222)	(124, 162)			260	237	207	177	147	117	98	124	153	185	217	249	281	319	278		
005-03-S_y															215	189	192	193	186	175	153	138	139	110	92	84	84	78	169	
010-01-S_x	24.3514	3.5489	39.5674	2.4298	18.5475	0.4688		(106, 190)	(261, 83)	(282, 135)	(295, 218)	(126, 202)			261	250	220	190	160	130	106	126	154	182	210	238	266	295	282		
010-01-S_y															217	191	177	170	162	139	110	98	109	102	97	96	96	82	165	
010-02-S_x	27.5196	3.7289	43.6824	2.4578	18.9776	0.4344		(88, 188)	(238, 81)	(266, 133)	(279, 213)	(111, 200)			238	227	199	171	143	115	88	111	138	165	192	219	246	279	266		
010-02-S_y															219	190	177	171	162	141	112	100	114	108	103	101	101	87	167	
017-01-S_x	24.4369	3.7352	43.8298	2.5729	20.7974	0.4745		(108, 126)	(259, 85)	(262, 136)	(275, 199)	(128, 137)			259	240	212	184	156	128	108	128	154	178	202	226	250	275	262		
017-01-S_y															215	196	201	204	201	194	174	163	152	131	118	112	111	101	164	
017-02-S_x	24.8968	3.8791	47.2733	2.6683	22.3669	0.4731		(82, 120)	(253, 82)	(255, 141)	(264, 207)	(110, 135)			253	220	191	162	133	104	82	110	136	160	185	210	235	264	255		
017-02-S_y															218	202	208	210	206	200	180	165	155	132	117	109	108	93	159	
018-03-S_x	20.4931	3.4906	38.2777	2.7004	22.9095	0.5985		(60, 165)	(232, 82)	(248, 139)	(285, 217)	(89, 174)			232	212	179	145	111	77	60	89	122	154	186	218	250	285	248		
018-03-S_y															218	190	182	178	171	163	135	126	124	100	87	84	87	83	161	
018-04-S_x	23.8086	4.0732	52.1211	3.1677	31.5242	0.6048		(63, 169)	(249, 90)	(265, 141)	(300, 224)	(93, 177)			249	221	186	150	114	78	63	93	127	161	195	229	263	300	265		
018-04-S_y															210	184	179	177	169	163	131	123	119	96	83	81	86	76	159	
023-03-S_x	20.0817	3.6107	40.9570	2.7008	22.9149	0.5595		(54, 192)	(221, 94)	(250, 126)	(303, 199)	(81, 205)			221	209	176	143	110	77	54	81	117	153	189	225	261	303	250		
023-03-S_y															206	178	170	165	152	134	108	95	96	83	76	75	88	101	174	
023-04-S_x	23.1708	3.8616	46.8471	2.8435	25.4005	0.5422		(69, 173)	(230, 95)	(259, 142)	(297, 226)	(94, 184)			230	220	187	154	121	88	69	94	127	160	193	226	259	297	259		
023-04-S_y															205	177	171	170	163	145	127	116	116	101	89	83	84	74	158	
024-01-S_x	23.2526	3.3940	36.1886	2.5661	20.6869	0.5716		(70, 213)	(230, 85)	(273, 115)	(311, 212)	(98, 234)			230	220	188	156	124	92	70	98	133	168	203	238	273	311	273		
024-01-S_y															215	187	168	156	138	114	87	66	74	71	74	80	92	88	185	
024-04-S_x	20.6002	3.3718	35.7178	2.6133	21.4556	0.6007		(65, 165)	(240, 83)	(267, 120)	(278, 213)	(89, 181)			240	220	188	156	124	92	65	89	120	151	182	213	244	278	267		
024-04-S_y															217	194	185	181	175	159	135	119	127	117	107	102	101	87	180	
031-01-S_x	20.2638	3.4876	38.2132	2.5637	20.6484	0.5403		(45, 141)	(234, 93)	(257, 142)	(273, 230)	(67, 165)			234	211	176	141	106	71	45	67	101	135	169	203	237	273	257		
031-01-S_y															207	179	183	185	179	178	159	135	129	102	86	80	78	70	158	
031-02-S_x	21.8366	3.5278	39.0973	2.5954	21.1627	0.5413		(45, 156)	(234, 86)	(267, 138)	(289, 221)	(71, 175)			234	213	177	141	105	69	45	71	107	143	179	215	251	289	267		
031-02-S_y															214	185	188	189	179	171	144	125	130	106	90	88	88	79	162	
036-01-S_x	21.2669	3.6508	41.8712	2.5780	20.8790	0.4986		(58, 241)	(210, 86)	(244, 115)	(283, 215)	(74, 259)			210	199	168	140	111	82	58	74	108	142	176	210	244	283	244		
036-01-S_y															214	186	165	142	115	86	59	41	51	53	57	62	78	85	185	
036-02-S_x	19.2908	3.3266	34.7661	2.3092	16.7530	0.4819		(115, 221)	(245, 116)	(272, 130)	(305, 210)	(130, 241)			245	229	207	185	163	141	115	130	159	188	217	246	275	305	272		
036-02-S_y															184	166	152	135	117	100	79	59	67	70	73	79	91	90	170	
042-01-S_x	41.1272	4.4424	61.9988	3.0187	28.6278	0.4617		(71, 197)	(237, 67)	(283, 131)	(291, 217)	(97, 209)			237	222	189	156	123	92	71	97	129	161	193	225	257	291	283		
042-01-S_y															233	204	190	177	157	130	103	91	104	101	93	88	91	83	169	
042-02-S_x	30.9313	4.0854	52.4353	2.9778	27.8571	0.5313		(93, 173)	(249, 65)	(289, 127)	(285, 215)	(119, 183)			249	229	200	171	142	113	93	119	144	171	198	225	252	285	289		
042-02-S_y															235	206	196	188	176	153	127	117	135	129	119	108	102	85	173	
045-01-S_x	22.3735	3.5098	38.6993	2.5813	20.9332	0.5409		(91, 188)	(253, 100)	(279, 152)	(293, 228)	(117, 196)			253	231	200	169	138	107	91	117	146	175	204	233	262	293	279		
045-01-S_y															200	175	169	164	154	138	112	104	110	99	90	86	84	72	148	
045-03-S_x	19.2661	2.9979	28.2354	2.2682	16.1626	0.5724		(79, 126)	(267, 106)	(273, 150)	(275, 224)	(99, 140)			267	233	200	167	134	101	79	99	129	155	184	213	242	275	273		
045-03-S_y															194	182	192	201	202	197	174	160	157	128	102	89	84	76	150	
050-03-S_x	23.0999	3.5814	40.2963	2.5838	20.9732	0.5205		(53, 168)	(221, 78)	(245, 126)	(277, 220)	(79, 176)			221	206	172	138	104	70	53	79	113	146	179	212	245	277	245		
050-03-S_y															222	193	186	181	173	162	132	124	127	106	95	92	94	80	174	
050-04-S_x	22.0690	3.4671	37.7649	2.7005	22.9115	0.6067		(67, 158)	(255, 78)	(283, 142)	(309, 238)	(95, 174)			255	238	202	166	130	94	67	95	129	165	201	237	273	309	283		
050-04-S_y															222	190	185	184	179	168	142	126	128	104	88	83	83	62	158	
053-01-S_x	22.8009	3.8625	46.8696	2.9726	27.7609	0.5923		(71, 178)	(261, 90)	(297, 142)	(309, 222)	(93, 186)			261	237	202	167	132	97	71	93	128	163	198	233	268	309	297		
053-01-S_y															210	181	173	171	164	148	122	114	121	113	103	97	92	78	158	
053-02-S_x	27.7684	4.7564	71.0729	3.5989	40.6898	0.5725		(73, 200)	(241, 88)	(275, 148)	(297, 222)	(101, 210)			241	225	194	163	132	101	73	101	133	165	197	229	261	297	275		
053-02-S_y															212	182	165	155	144	127	100	90	95	90	86	84	83	78	152	
055-01-S_x	23.8547	3.4047	36.4183	2.4817	19.3480	0.5313		(81, 154)	(241, 84)	(257, 116)	(291, 206)	(109, 172)			241	219	189	159	129	99	81	109	139	169	199	229	259	291	257		
055-01-S_y															216	191	193	192	181	175	146	128	125	107	97	93	97	94	184	
055-02-S_x	23.7669	3.5755	40.1627	2.5504	20.4339	0.5088		(85, 190)	(231, 102)	(265, 162)	(295, 218)	(109, 204)			231	217	188	159	132	103	85	109	140	171	202	233	264	295	265		
055-02-S_y															198	172	169	166	152	138	110	96	100	90	84	85	92	82	138	
056-01-S_x	17.8703	2.8104	24.8134	2.0385	13.0551	0.5261		(113, 116)	(275, 114)	(269, 152)	(255, 210)	(135, 128)			275	245	216	187	158	129	113	135	156	167	187	209	231	255	269		
056-01-S_y															186	182	197	208	210	209	184	172	165	143	123	110	104	90	148	
056-05-S_x	21.1579	3.4538	37.4757	2.3951	18.0224	0.4809		(87, 108)	(275, 96)	(277, 150)	(265, 224)	(111, 114)			275	240	204	168	132	96	87	111	136	150	176	205	234	265	277		
056-05-S_y															204	194	211	227	230	225	192	186	177	148	121	105	97	76	150	
057-01-S_x	22.7798	3.8022	45.4179	2.7680	24.0703	0.5300		(67, 234)	(225, 76)	(269, 126)	(303, 202)	(91, 248)			225	215	181	147	113	86	67	91	126	161	196	231	266	303	269		
057-01-S_y															224	193	170	153	129	95	66	52	65	69	76	85	97	98	174	
057-02-S_x	23.6283	3.6390	41.6020	2.5603	20.5935	0.4950		(67, 198)	(241, 80)	(271, 130)	(289, 212)	(87, 214)			241	223	190	157	124	91	67	87	120	153	186	219	252	289	271		
057-02-S_y															220	193	181	168	155	126	102	86	94	88	88	88	92	88	170	
062-01-S_x	17.0194	2.9875	28.0399	2.3759	17.7341	0.6325		(73, 169)	(251, 91)	(277, 139)	(313, 205)	(97, 183)			251	227	194	161	128	95	73	97	132	168	204	240	276	313	277		
062-01-S_y															209	188	191	189	178	157	131	117	114	99	90	89	96	95	161	
062-02-S_x	16.8199	3.0033	28.3361	2.3080	16.7352	0.5906		(79, 163)	(257, 87)	(297, 139)	(293, 205)	(99, 175)			257	225	193	161	129	97	79	99	131	163	195	227	259	293	297		
062-02-S_y															213	197	197	193	184	164	137	125	124	115	108	106	107	95	161	
076-01-S_x	19.1330	3.0742	29.6894	2.2862	16.4199	0.5531		(61, 93)	(263, 81)	(251, 123)	(263, 213)	(87, 111)			263	224	189	154	119	83	61	87	119	144	173	203	233	263	251		
076-01-S_y															219	211	224	230	230	233	207	189	178	148	122	108	102	87	177	
076-02-S_x	19.8986	2.9795	27.8887	2.2058	15.2851	0.5481		(65, 127)	(249, 101)	(249, 143)	(259, 219)	(93, 141)			249	217	184	151	118	85	65	93	120	145	172	199	226	259	249		
076-02-S_y															199	186	198	203	202	200	173	159	154	128	106	95	89	81	157	
077-03-S_x	21.8561	4.1075	53.0042	2.5719	20.7812	0.3921		(93, 235)	(217, 79)	(263, 107)	(301, 175)	(117, 251)			217	204	176	150	128	110	93	117	147	177	207	237	267	301	263		
077-03-S_y															221	197	173	145	117	90	65	49	61	67	78	92	112	125	193	
077-05-S_x	21.2001	3.6109	40.9619	2.4165	18.3449	0.4479		(69, 243)	(207, 93)	(229, 135)	(269, 219)	(91, 259)			207	193	166	139	112	87	69	91	120	149	178	207	236	269	229		
077-05-S_y															207	180	159	138	113	86	57	41	47	46	48	55	64	81	165	
078-01-S_x	22.5433	3.6466	41.7751	2.7238	23.3072	0.5579		(91, 243)	(209, 101)	(259, 137)	(305, 197)	(113, 253)			209	208	187	160	133	108	91	113	141	172	203	234	265	305	259		
078-01-S_y															199	176	150	132	110	83	57	47	61	68	75	85	97	103	163	
078-02-S_x	23.8150	3.7552	44.3002	2.6202	21.5690	0.4869		(89, 195)	(241, 97)	(271, 139)	(295, 207)	(107, 207)			241	229	200	171	142	113	89	107	139	169	199	229	259	295	271		
078-02-S_y															203	178	163	153	141	125	105	93	97	93	91	91	96	93	161	
079-01-S_x	19.4368	3.1980	32.1304	2.4423	18.7389	0.5832		(65, 173)	(241, 83)	(259, 125)	(281, 197)	(89, 187)			241	220	187	154	121	88	65	89	120	151	182	213	244	281	259		
079-01-S_y															217	190	183	176	167	150	127	113	117	108	103	101	107	103	175	
079-02-S_x	20.4524	3.2126	32.4235	2.4837	19.3799	0.5977		(71, 143)	(253, 87)	(277, 135)	(289, 215)	(93, 161)			253	237	203	169	135	101	71	93	124	156	188	220	252	289	277		
079-02-S_y															213	184	184	187	184	176	157	139	138	119	104	98	97	85	165	
082-02-S_x	20.0707	3.3927	36.1610	2.4250	18.4744	0.5109		(65, 149)	(263, 111)	(271, 145)	(285, 211)	(95, 157)			263	229	192	154	116	78	65	95	126	155	186	217	248	285	271		
082-02-S_y															189	184	192	196	193	187	151	143	144	114	94	84	81	89	155	
082-03-S_x	15.2249	2.9219	26.8211	2.2246	15.5475	0.5797		(67, 135)	(261, 103)	(275, 145)	(289, 203)	(93, 143)			261	225	189	152	115	78	67	93	125	155	187	219	251	289	275		
082-03-S_y															197	193	202	206	203	201	165	157	156	126	104	94	93	97	155	
083-01-S_x	22.0182	3.6378	41.5744	2.7456	23.6828	0.5696		(63, 127)	(261, 95)	(263, 148)	(291, 232)	(83, 142)			261	232	197	162	127	92	63	83	119	142	179	216	253	291	263		
083-01-S_y															205	178	190	199	199	191	173	158	153	116	89	78	77	68	152	
083-02-S_x	28.3048	4.4408	61.9536	3.1612	31.3950	0.5068		(77, 126)	(267, 90)	(279, 144)	(307, 224)	(97, 138)			267	241	206	171	136	101	77	97	132	164	199	234	269	307	279		
083-02-S_y															210	181	192	202	205	198	174	162	152	117	94	84	82	76	156	
084-01-S_x	23.0182	3.4313	36.9876	2.5668	20.6976	0.5596		(51, 126)	(245, 76)	(255, 132)	(277, 218)	(81, 138)			245	211	175	139	103	67	51	81	113	142	175	208	241	277	255		
084-01-S_y															224	201	206	211	207	206	174	162	148	117	102	95	96	82	168	
084-02-S_x	21.9545	3.4484	37.3585	2.5895	21.0654	0.5639		(69, 117)	(279, 77)	(289, 141)	(301, 225)	(99, 131)			279	232	195	158	121	84	69	99	134	158	193	228	263	301	289		
084-02-S_y															223	205	212	219	218	218	183	169	158	123	102	92	92	75	159	
091-01-S_x	20.8672	3.5540	39.6801	2.5636	20.6465	0.5203		(60, 162)	(232, 96)	(270, 140)	(288, 214)	(88, 174)			232	220	185	150	115	80	60	88	121	154	187	220	253	288	270		
091-01-S_y															204	177	180	183	174	164	138	126	127	111	99	93	94	86	160	
091-02-S_x	17.9832	3.1780	31.7281	2.4475	18.8183	0.5931		(66, 140)	(248, 106)	(290, 154)	(304, 230)	(80, 154)			248	231	195	159	123	87	66	80	118	155	192	229	266	304	290		
091-02-S_y															194	167	180	190	188	187	160	146	143	114	92	81	79	70	146	
094-01-S_x	23.7024	3.8220	45.8924	2.7790	24.2617	0.5287		(80, 126)	(270, 86)	(286, 142)	(282, 226)	(104, 138)			270	242	206	170	134	98	80	104	137	163	190	219	248	282	286		
094-01-S_y															214	195	199	202	198	201	174	162	163	136	108	93	85	74	158	
094-02-S_x	21.1750	3.5705	40.0505	2.5471	20.3822	0.5089		(58, 126)	(252, 80)	(262, 134)	(266, 220)	(78, 136)			252	220	183	146	109	72	58	78	110	138	166	198	230	266	262		
094-02-S_y															220	203	206	209	206	206	174	164	168	145	114	96	90	80	166	
099-01-S_x	21.8073	3.5657	39.9418	2.8971	26.3681	0.6602		(86, 88)	(274, 82)	(288, 136)	(284, 222)	(110, 102)			274	238	205	172	139	106	86	110	139	159	186	216	246	284	288		
099-01-S_y															218	207	224	234	233	235	212	198	190	160	130	112	102	78	164	
099-02-S_x	24.2819	3.8452	46.4503	3.0001	28.2760	0.6087		(72, 114)	(256, 76)	(288, 132)	(294, 218)	(92, 126)			256	227	193	159	125	91	72	92	126	156	190	224	258	294	288		
099-02-S_y															224	202	217	224	218	212	186	174	173	143	120	108	103	82	168	
106-01-S_x	21.9063	3.4978	38.4351	2.4834	19.3750	0.5041		(82, 136)	(228, 66)	(256, 134)	(276, 208)	(110, 146)			228	207	180	153	126	99	82	110	138	166	194	222	250	276	256		
106-01-S_y															234	213	214	212	203	190	164	154	150	128	116	110	109	92	166	
106-02-S_x	21.6375	3.3864	36.0269	2.5591	20.5738	0.5711		(72, 162)	(216, 88)	(236, 144)	(274, 222)	(100, 172)			216	202	174	146	118	90	72	100	128	157	186	215	244	274	236		
106-02-S_y															212	194	193	190	180	165	138	128	122	101	91	87	88	78	156	
107-02-S_x	25.8549	3.8529	46.6362	2.9991	28.2565	0.6059		(70, 138)	(240, 62)	(264, 122)	(268, 210)	(86, 146)			240	227	193	159	125	91	70	86	116	146	176	206	236	268	264		
107-02-S_y															238	201	195	195	193	184	162	154	154	138	125	116	112	90	178	
107-03-S_x	23.3994	3.4187	36.7171	2.6724	22.4358	0.6110		(76, 164)	(232, 74)	(266, 126)	(276, 216)	(94, 172)			232	226	194	162	130	98	76	94	123	153	183	213	243	276	266		
107-03-S_y															226	194	182	180	175	162	136	128	138	126	114	106	102	84	174	
112-01-S_x	19.4731	3.2168	32.5078	2.3198	16.9064	0.5201		(116, 240)	(224, 72)	(260, 102)	(310, 174)	(138, 254)			224	209	183	163	146	133	116	138	165	193	221	249	277	310	260		
112-01-S_y															228	200	174	146	118	90	60	46	59	59	68	81	101	126	198	
112-02-S_x	19.8775	3.3273	34.7797	2.3311	17.0708	0.4908		(118, 224)	(234, 82)	(260, 118)	(302, 186)	(138, 240)			234	222	198	174	152	138	118	138	166	193	220	247	274	302	260		
112-02-S_y															218	194	175	152	128	104	76	60	68	69	75	84	101	114	182	
118-04-S_x	19.5244	3.4996	38.4762	2.6843	22.6362	0.5883		(68, 174)	(254, 74)	(276, 112)	(320, 202)	(94, 178)			254	232	193	154	115	76	68	94	131	168	205	242	279	320	276		
118-04-S_y															226	199	196	192	181	164	126	122	128	107	95	92	101	98	188	
118-05-S_x	17.5137	3.1020	30.2305	2.6530	22.1118	0.7314		(56, 196)	(236, 88)	(256, 134)	(312, 212)	(80, 200)			236	214	177	139	101	63	56	80	119	157	195	233	271	312	256		
118-05-S_y															212	185	179	173	160	140	104	100	106	89	79	79	91	88	166	
119-01-S_x	29.3308	5.2507	86.6124	3.9498	49.0129	0.5659		(46, 218)	(224, 80)	(260, 120)	(292, 210)	(58, 236)			224	209	176	143	110	77	46	58	96	134	172	210	248	292	260		
119-01-S_y															220	192	173	153	131	107	82	64	66	67	70	75	87	90	180	
119-02-S_x	20.7732	3.5154	38.8240	2.6712	22.4169	0.5774		(78, 264)	(174, 76)	(196, 100)	(268, 162)	(100, 276)			174	167	145	124	107	94	78	100	128	156	184	212	239	268	196		
119-02-S_y															224	193	162	131	100	69	36	24	42	55	72	90	115	138	200	
127-01-S_x	23.9199	4.3523	59.5110	2.8140	24.8768	0.4180		(114, 244)	(212, 74)	(266, 114)	(308, 168)	(130, 254)			212	204	183	165	148	133	114	130	159	188	217	246	275	308	266		
127-01-S_y															226	198	170	142	114	86	56	46	57	68	81	98	119	132	186	
127-02-S_x	23.6878	3.9899	50.0109	2.9252	26.8821	0.5375		(72, 238)	(188, 76)	(230, 118)	(278, 188)	(90, 252)			188	185	163	137	115	94	72	90	121	152	183	214	245	278	230		
127-02-S_y															224	200	172	147	119	91	62	48	58	64	73	86	103	112	182	
131-01-S_x	20.3246	3.1653	31.4753	2.3386	17.1822	0.5459		(83, 116)	(281, 96)	(283, 144)	(275, 204)	(105, 126)			281	245	209	173	137	101	83	105	133	160	188	216	244	275	283		
131-01-S_y															204	196	205	214	218	215	184	174	171	146	126	115	110	96	156	
131-02-S_x	19.1798	3.3850	35.9967	2.4862	19.4182	0.5394		(73, 174)	(267, 88)	(283, 144)	(305, 210)	(99, 180)			267	236	198	160	122	84	73	99	133	166	199	232	265	305	283		
131-02-S_y															212	185	181	181	176	162	126	120	123	106	96	94	96	90	156	
141-01-S_x	22.3899	3.7094	43.2269	2.8817	26.0889	0.6035		(61, 216)	(255, 84)	(283, 122)	(303, 200)	(79, 234)			255	230	195	160	125	90	61	79	115	151	187	223	259	303	283		
141-01-S_y															216	187	173	153	131	107	84	66	74	75	77	81	91	100	178	
141-02-S_x	22.1694	3.8679	47.0006	2.9610	27.5447	0.5861		(69, 256)	(233, 74)	(257, 106)	(305, 186)	(91, 270)			233	219	187	156	126	99	69	91	126	161	196	231	266	305	257		
141-02-S_y															226	197	173	144	112	80	44	30	47	58	69	83	101	114	194	
143-01-S_x	21.7783	3.6507	41.8706	2.5967	21.1829	0.5059		(55, 258)	(205, 106)	(255, 142)	(291, 220)	(81, 270)			205	199	169	138	107	76	55	81	116	151	186	221	256	291	255		
143-01-S_y															194	167	144	124	99	71	42	30	47	52	59	69	82	80	158	
143-02-S_x	21.6539	3.6279	41.3492	2.7274	23.3691	0.5652		(69, 236)	(199, 82)	(241, 118)	(287, 196)	(97, 246)			199	196	170	141	112	86	69	97	128	159	190	221	252	287	241		
143-02-S_y															218	192	164	141	117	90	64	54	71	76	83	92	103	104	182	
145-02-S_x	23.0550	3.6670	42.2457	2.6427	21.9407	0.5194		(77, 170)	(251, 82)	(273, 122)	(299, 204)	(99, 178)			251	224	191	158	127	94	77	99	132	165	198	231	264	299	273		
145-02-S_y															218	193	187	181	162	159	130	122	127	109	101	102	105	96	178	
145-03-S_x	20.3567	3.5512	39.6194	2.6173	21.5203	0.5432		(65, 172)	(253, 84)	(269, 130)	(299, 206)	(91, 178)			253	223	188	153	119	84	65	91	125	159	193	227	261	299	269		
145-03-S_y															216	189	185	181	162	157	128	122	124	102	93	93	98	94	170	
147-01-S_x	20.4628	3.1845	31.8586	2.3608	17.5098	0.5496		(99, 134)	(241, 80)	(269, 130)	(279, 206)	(119, 146)			241	226	198	170	142	114	99	119	145	171	197	223	249	279	269		
147-01-S_y															220	193	196	197	193	189	166	154	155	137	119	111	111	94	170	
147-02-S_x	19.6070	3.3295	34.8271	2.4151	18.3241	0.5261		(119, 132)	(259, 82)	(269, 136)	(287, 202)	(139, 138)			259	243	216	189	162	135	119	139	164	189	214	239	264	287	269		
147-02-S_y															218	191	195	195	193	191	168	162	157	134	119	114	112	98	164	
153-01-S_x	23.6121	3.5675	39.9826	2.3612	17.5158	0.4381		(73, 198)	(217, 86)	(241, 138)	(291, 214)	(99, 204)			217	211	177	143	109	75	73	99	130	161	192	223	254	291	241		
153-01-S_y															214	178	163	158	146	132	102	96	100	89	82	83	89	86	162	
153-02-S_x	23.3526	3.5058	38.6119	2.4080	18.2161	0.4718		(81, 178)	(231, 94)	(255, 144)	(291, 228)	(109, 188)			231	222	190	158	126	94	81	109	139	169	199	229	259	291	255		
153-02-S_y															206	177	165	165	160	153	122	112	111	95	86	84	84	72	156	
155-02-S_x	25.7758	4.1843	55.0035	3.0522	29.2672	0.5321		(59, 186)	(227, 102)	(259, 152)	(293, 224)	(87, 190)			227	207	174	141	108	75	59	87	120	154	188	222	256	293	259		
155-02-S_y															198	168	170	168	158	143	114	110	104	84	72	69	77	76	148	
155-03-S_x	25.2728	4.2505	56.7593	3.0631	29.4769	0.5193		(49, 170)	(229, 84)	(255, 142)	(291, 214)	(75, 180)			229	215	178	141	104	67	49	75	110	145	180	215	250	291	255		
155-03-S_y															216	185	187	186	175	159	130	120	119	100	88	84	90	86	158	
157-01-S_x	21.1782	3.6344	41.4972	2.8914	26.2650	0.6329		(55, 213)	(229, 69)	(265, 113)	(287, 191)	(65, 225)			229	219	186	153	120	87	55	65	101	137	173	209	245	287	265		
157-01-S_y															231	199	181	164	143	118	87	75	83	88	95	110	123	109	187	
157-02-S_x	23.3057	3.8602	46.8145	2.8377	25.2974	0.5404		(101, 217)	(229, 77)	(265, 97)	(303, 169)	(117, 235)			229	213	192	168	144	123	101	117	148	178	208	238	268	303	265		
157-02-S_y															223	198	176	154	131	107	83	65	79	89	102	115	133	131	203	
160-02-S_x	21.0380	3.3047	34.3099	2.4900	19.4784	0.5677		(74, 193)	(221, 69)	(262, 124)	(296, 202)	(100, 197)			221	216	183	150	117	84	74	100	131	164	197	230	263	296	262		
160-02-S_y															231	192	183	177	160	142	107	103	113	104	100	104	113	98	176	
160-03-S_x	20.8531	3.3516	35.2896	2.4979	19.6022	0.5555		(69, 193)	(236, 83)	(270, 140)	(301, 231)	(98, 200)			236	223	188	153	118	83	69	98	131	164	197	230	263	301	270		
160-03-S_y															217	178	173	170	159	142	107	100	110	92	82	80	85	69	160	
161-01-S_x	19.0869	3.4568	37.5403	2.4257	18.4851	0.4924		(55, 146)	(255, 93)	(263, 148)	(289, 218)	(85, 164)			255	227	190	153	116	79	55	85	119	152	185	218	251	289	263		
161-01-S_y															207	186	193	195	187	180	154	136	130	107	90	83	87	82	152	
161-02-S_x	17.9814	3.1952	32.0744	2.3949	18.0184	0.5618		(47, 176)	(236, 99)	(248, 141)	(287, 212)	(74, 188)			236	210	175	140	105	70	47	74	110	145	180	215	250	287	248		
161-02-S_y															201	179	180	178	166	153	124	112	111	93	81	77	85	88	159	
163-01-S_x	19.4473	3.3841	35.9770	2.6513	22.0827	0.6138		(85, 163)	(245, 88)	(282, 125)	(314, 185)	(101, 171)			245	225	195	165	135	105	85	101	136	171	206	241	276	314	282		
163-01-S_y															212	191	194	192	182	166	137	129	137	127	118	118	121	115	175	
163-02-S_x	18.5872	3.2422	33.0247	2.4984	19.6095	0.5938		(92, 135)	(255, 85)	(288, 131)	(303, 191)	(117, 145)			255	231	200	168	136	104	92	117	148	178	208	238	268	303	288		
163-02-S_y															215	201	207	209	202	192	165	155	152	135	121	114	116	109	169	
164-01-S_x	22.7232	3.5608	39.8325	2.6087	21.3793	0.5367		(62, 118)	(255, 85)	(274, 145)	(277, 220)	(83, 134)			255	238	200	162	124	86	62	83	115	146	178	210	242	277	274		
164-01-S_y															215	186	198	207	209	206	182	166	166	146	118	102	97	80	155	
164-02-S_x	18.4781	3.1778	31.7250	2.3786	17.7738	0.5602		(76, 145)	(236, 82)	(260, 123)	(276, 177)	(97, 155)			236	214	183	152	121	90	76	97	126	155	184	213	242	276	260		
164-02-S_y															218	195	197	196	188	180	155	145	152	138	122	116	121	123	177	
165-02-S_x	19.9442	3.3100	34.4200	2.3746	17.7152	0.5147		(83, 135)	(239, 83)	(269, 129)	(269, 201)	(106, 145)			239	220	190	160	130	100	83	106	133	159	186	213	240	269	269		
165-02-S_y															217	190	189	194	193	192	165	155	151	130	116	109	108	99	171	
165-03-S_x	19.1868	3.2604	33.3949	2.3385	17.1799	0.5144		(96, 143)	(245, 79)	(263, 121)	(275, 194)	(116, 150)			245	229	199	169	139	109	96	116	143	169	195	221	247	275	263		
165-03-S_y															221	196	192	193	190	184	157	150	150	132	120	115	114	106	179	
176-01-S_x	21.6492	3.6284	41.3588	2.7221	23.2792	0.5629		(72, 183)	(233, 90)	(257, 133)	(302, 207)	(95, 192)			233	215	183	151	120	88	72	95	129	163	197	231	265	302	257		
176-01-S_y															210	185	182	177	164	144	117	108	105	91	82	83	91	93	167	
176-03-S_x	21.3785	3.7691	44.6295	2.7295	23.4053	0.5244		(65, 162)	(244, 89)	(269, 132)	(302, 210)	(87, 173)			244	222	186	150	114	78	65	87	122	157	192	227	262	302	269		
176-03-S_y															211	183	187	187	177	164	138	127	121	103	90	85	91	90	168	
178-01-S_x	19.6629	3.4353	37.0746	2.4961	19.5739	0.5280		(54, 174)	(232, 104)	(253, 136)	(285, 198)	(80, 181)			232	208	172	136	100	64	54	80	114	147	180	213	246	285	253		
178-01-S_y															196	178	177	177	169	157	126	119	122	103	93	91	98	102	164	
178-02-S_x	18.8634	3.3998	36.3118	2.3903	17.9489	0.4943		(51, 164)	(252, 98)	(264, 143)	(294, 216)	(81, 171)			252	224	185	146	107	68	51	81	117	152	187	222	257	294	264		
178-02-S_y															202	180	184	186	181	172	136	129	129	105	89	83	86	84	157	
194-01-S_x	23.4370	4.3220	58.6839	2.8033	24.6879	0.4207		(51, 166)	(208, 105)	(237, 136)	(275, 205)	(78, 177)			208	194	162	130	98	66	51	78	110	142	174	206	238	275	237		
194-01-S_y															195	171	170	171	164	156	134	123	117	96	85	81	87	95	164	
194-02-S_x	20.4350	3.6046	40.8187	2.7088	23.0518	0.5647		(54, 178)	(235, 111)	(276, 144)	(312, 223)	(81, 190)			235	213	177	141	105	69	54	81	119	157	195	233	271	312	276		
194-02-S_y															189	164	165	166	158	149	122	110	104	80	66	61	70	77	156	
206-02-S_x	18.8800	3.2648	33.4855	2.2909	16.4872	0.4924		(81, 132)	(253, 73)	(266, 132)	(286, 202)	(102, 140)			253	223	189	155	121	87	81	102	132	162	192	222	252	286	266		
206-02-S_y															227	210	217	216	205	197	168	160	154	131	116	108	107	98	168	
206-03-S_x	17.7264	3.1015	30.2199	2.3188	16.8917	0.5590		(73, 147)	(255, 86)	(267, 138)	(290, 214)	(104, 161)			255	225	191	157	123	89	73	104	134	164	194	224	254	290	267		
206-03-S_y															214	200	204	201	189	181	153	139	135	109	93	85	87	86	162	
211-01-S_x	20.7190	3.4354	37.0768	2.7279	23.3787	0.6305		(89, 163)	(255, 91)	(279, 132)	(311, 193)	(112, 170)			255	232	200	168	136	104	89	112	144	176	208	240	272	311	279		
211-01-S_y															209	182	180	180	176	166	137	130	135	121	110	107	113	107	168	
211-02-S_x	19.6423	3.3728	35.7372	2.6838	22.6279	0.6332		(102, 176)	(253, 93)	(279, 130)	(318, 192)	(124, 181)			253	239	208	177	146	115	102	124	156	188	220	252	284	318	279		
211-02-S_y															207	179	173	169	162	154	124	119	126	116	106	105	112	108	170	
213-01-S_x	19.6556	3.5917	40.5267	2.6467	22.0072	0.5430		(84, 78)	(295, 92)	(274, 152)	(268, 226)	(107, 94)			295	263	225	188	150	112	84	107	137	157	177	206	236	268	274		
213-01-S_y															208	194	216	234	243	245	222	206	192	162	132	108	95	74	148	
213-02-S_x	23.4710	3.8030	45.4363	2.7592	23.9173	0.5264		(53, 131)	(266, 75)	(286, 133)	(293, 214)	(84, 140)			266	235	194	153	112	71	53	84	119	153	187	220	255	293	286		
213-02-S_y															225	202	210	218	213	205	169	160	165	144	119	107	106	86	167	
214-03-S_x	20.8820	3.3252	34.7365	2.5546	20.5015	0.5902		(87, 174)	(249, 78)	(279, 122)	(291, 192)	(101, 182)			249	228	198	168	138	108	87	101	132	163	194	225	256	291	279		
214-03-S_y															222	195	188	183	173	152	126	118	132	124	119	120	122	108	178	
214-04-S_x	20.7827	3.2895	33.9945	2.5582	20.5597	0.6048		(85, 196)	(247, 78)	(281, 126)	(295, 192)	(107, 198)			247	225	193	161	129	97	85	107	137	168	199	230	261	295	281		
214-04-S_y															222	194	184	175	161	135	104	102	116	110	109	111	116	108	174	
218-01-S_x	22.5305	3.7644	44.5189	2.6757	22.4914	0.5052		(63, 120)	(283, 82)	(269, 132)	(295, 222)	(95, 136)			283	247	206	165	124	83	63	95	129	157	188	221	255	295	269		
218-01-S_y															218	193	199	209	213	217	180	164	152	121	98	84	82	78	168	
218-02-S_x	21.3619	3.4671	37.7637	2.6208	21.5787	0.5714		(59, 112)	(257, 80)	(259, 144)	(279, 222)	(93, 132)			257	227	190	153	116	79	59	93	124	151	182	213	244	279	259		
218-02-S_y															220	199	204	212	216	218	188	168	160	131	108	95	91	78	156	
227-05-S_x	19.6744	3.3122	34.4655	2.3818	17.8223	0.5171		(57, 142)	(255, 94)	(269, 150)	(273, 224)	(83, 152)			255	221	184	147	110	73	57	83	115	146	177	208	239	273	269		
227-05-S_y															206	190	195	199	195	191	158	148	150	128	105	90	84	76	150	
227-06-S_x	22.6025	3.9506	49.0315	2.8938	26.3072	0.5365		(51, 140)	(253, 102)	(265, 156)	(273, 228)	(81, 152)			253	214	179	144	109	74	51	81	113	144	175	206	237	273	265		
227-06-S_y															198	188	193	197	194	190	160	148	148	122	100	85	79	72	144	
228-01-S_x	27.0830	4.5933	66.2823	3.0458	29.1444	0.4397		(51, 272)	(181, 98)	(223, 136)	(269, 212)	(73, 282)			181	176	147	119	93	73	51	73	103	135	167	199	231	269	223		
228-01-S_y															202	176	149	120	90	60	28	18	36	41	50	61	75	88	164	
228-02-S_x	26.2531	4.2150	55.8136	2.8656	25.7976	0.4622		(73, 268)	(197, 104)	(239, 134)	(281, 206)	(91, 278)			197	188	161	137	113	94	73	91	121	151	181	211	241	281	239		
228-02-S_y															196	169	142	115	88	61	32	22	36	43	55	67	82	94	166	
229-01-S_x	19.6270	3.2004	32.1782	2.3933	17.9947	0.5592		(89, 174)	(221, 96)	(239, 134)	(269, 196)	(113, 186)			221	207	182	157	132	107	89	113	138	163	188	213	238	269	239		
229-01-S_y															204	184	179	173	163	148	126	114	116	106	102	104	108	104	166	
229-02-S_x	15.8531	2.9813	27.9237	2.2572	16.0064	0.5732		(81, 156)	(229, 108)	(239, 144)	(257, 206)	(101, 170)			229	206	178	150	122	94	81	101	126	151	176	201	226	257	239		
229-02-S_y															192	173	176	177	170	164	144	130	124	107	101	99	104	94	156	
233-03-S_x	19.5871	3.3542	35.3457	2.4012	18.1141	0.5125		(83, 124)	(271, 96)	(281, 142)	(289, 230)	(103, 138)			271	248	211	174	137	100	83	103	134	163	192	223	254	289	281		
233-03-S_y															204	180	189	197	198	204	176	162	157	130	107	93	87	70	158	
233-04-S_x	21.3252	3.5426	39.4272	2.5329	20.1556	0.5112		(63, 168)	(249, 96)	(277, 158)	(297, 236)	(95, 176)			249	226	189	152	115	78	63	95	128	161	194	227	260	297	277		
233-04-S_y															204	170	173	175	170	166	132	124	125	103	87	80	79	64	142	
237-01-S_x	21.5965	3.6854	42.6704	2.6867	22.6772	0.5314		(65, 170)	(223, 98)	(245, 128)	(291, 212)	(89, 182)			223	218	185	152	119	86	65	89	123	156	189	222	255	291	245		
237-01-S_y															202	175	171	172	164	155	130	118	116	101	90	89	94	88	172	
237-02-S_x	23.8821	3.9662	49.4193	2.8974	26.3737	0.5337		(67, 194)	(225, 84)	(257, 124)	(301, 214)	(93, 202)			225	222	188	154	120	86	67	93	127	161	195	229	263	301	257		
237-02-S_y															216	186	172	164	152	131	106	98	107	97	91	88	92	86	176	
241-01-S_x	106.0615	17.7217	986.6444	13.8579	603.3150	0.6115		(69, 170)	(223, 102)	(257, 140)	(277, 216)	(83, 190)			223	219	188	157	126	95	69	83	115	147	179	211	243	277	257		
241-01-S_y															198	171	164	165	163	150	130	110	110	100	95	93	96	84	160	
241-02-S_x	18.3865	3.0587	29.3926	2.4011	18.1126	0.6162		(77, 204)	(223, 112)	(261, 146)	(289, 214)	(99, 218)			223	223	194	164	134	104	77	99	130	161	192	223	254	289	261		
241-02-S_y															188	163	151	147	140	122	96	82	87	83	80	83	91	86	154	
243-01-S_x	22.1279	3.4371	37.1144	2.5606	20.5992	0.5550		(77, 198)	(239, 84)	(273, 134)	(291, 212)	(95, 206)			239	228	196	164	132	100	77	95	127	159	191	223	255	291	273		
243-01-S_y															216	190	178	171	160	135	102	94	100	93	92	92	95	88	166	
243-02-S_x	21.3926	3.2956	34.1218	2.3918	17.9728	0.5267		(71, 178)	(251, 88)	(269, 142)	(273, 218)	(87, 192)			251	234	200	166	132	98	71	87	118	149	180	211	242	273	269		
243-02-S_y															212	185	179	175	168	147	122	108	111	104	100	98	97	82	158	
244-01-S_x	21.7121	3.7361	43.8515	2.5555	20.5162	0.4679		(61, 238)	(213, 104)	(261, 148)	(273, 212)	(93, 252)			213	196	166	136	105	82	61	93	122	151	180	209	238	273	261		
244-01-S_y															196	172	156	143	125	95	62	48	58	62	70	78	85	88	152	
244-03-S_x	21.2840	3.3899	36.1021	2.3621	17.5281	0.4855		(79, 152)	(253, 78)	(263, 116)	(267, 196)	(95, 168)			253	226	194	162	130	98	79	95	123	151	179	207	235	267	263		
244-03-S_y															222	202	199	196	186	169	148	132	130	124	120	117	114	104	184	
247-01-S_x	18.0602	3.0318	28.8761	2.1690	14.7805	0.5119		(103, 192)	(249, 90)	(267, 136)	(303, 206)	(129, 196)			249	237	206	175	144	113	103	129	157	185	213	241	269	303	267		
247-01-S_y															210	184	179	174	161	141	108	104	108	100	93	92	95	94	164	
247-02-S_x	17.6136	2.8214	25.0085	2.1433	14.4310	0.5770		(115, 166)	(277, 102)	(293, 156)	(303, 220)	(139, 172)			277	254	222	190	159	127	115	139	166	193	220	247	274	303	293		
247-02-S_y															198	179	183	184	177	163	134	128	127	113	100	94	92	80	144	
250-01-S_x	18.6060	3.3007	34.2274	2.4552	18.9371	0.5533		(105, 170)	(259, 78)	(285, 110)	(311, 164)	(131, 172)			259	234	203	172	142	111	105	131	161	191	221	251	279	311	285		
250-01-S_y															222	198	192	186	173	160	130	128	134	120	113	114	125	136	190	
250-02-S_x	23.7286	3.5892	40.4703	2.6423	21.9344	0.5420		(97, 188)	(253, 92)	(273, 136)	(313, 174)	(125, 194)			253	248	213	178	143	109	97	125	156	187	218	249	279	313	273		
250-02-S_y															208	177	174	169	159	143	112	106	109	100	95	99	110	126	164	
253-01-S_x	18.6846	3.0765	29.7347	2.2855	16.4103	0.5519		(111, 134)	(275, 86)	(293, 126)	(298, 198)	(136, 144)			275	254	222	190	158	126	111	136	163	190	217	244	271	298	293		
253-01-S_y															214	191	195	200	199	192	166	156	153	137	125	119	115	102	174	
253-05-S_x	18.4888	3.2280	32.7346	2.4205	18.4059	0.5623		(89, 138)	(239, 90)	(254, 138)	(266, 204)	(105, 146)			239	219	191	163	135	107	89	105	132	159	186	213	240	266	254		
253-05-S_y															210	189	189	193	192	185	162	154	152	134	118	112	110	96	162	
269-01-S_x	25.2504	4.6165	66.9525	2.8521	25.5552	0.3817		(61, 164)	(247, 76)	(263, 138)	(289, 214)	(91, 172)			247	227	189	151	113	75	61	91	123	155	187	219	251	289	263		
269-01-S_y															224	194	190	189	182	170	136	128	126	100	88	84	89	86	162	
269-02-S_x	23.2035	4.0031	50.3431	2.8440	25.4108	0.5048		(65, 141)	(249, 79)	(269, 135)	(275, 217)	(95, 149)			249	220	184	148	112	76	65	95	126	153	183	213	243	275	269		
269-02-S_y															221	198	199	202	200	192	159	151	146	118	101	95	93	83	165	
270-01-S_x	51.4220	8.0994	206.0882	5.4768	94.2333	0.4572		(77, 236)	(181, 90)	(231, 128)	(265, 202)	(95, 244)			181	181	161	134	109	89	77	95	123	151	179	207	235	265	231		
270-01-S_y															210	188	165	143	118	91	64	56	74	78	81	89	97	98	172	
270-02-S_x	24.7430	4.0539	51.6303	2.7874	24.4094	0.4728		(67, 246)	(193, 100)	(237, 152)	(271, 236)	(87, 256)			193	191	166	137	109	82	67	87	117	147	177	207	237	271	237		
270-02-S_y															200	175	151	131	105	78	54	44	59	57	58	63	72	64	148	
271-01-S_x	21.7045	3.4871	38.2016	2.5652	20.6727	0.5411		(67, 164)	(251, 88)	(271, 150)	(273, 230)	(85, 184)			251	222	190	158	126	94	67	85	116	147	178	209	240	273	271		
271-01-S_y															212	193	188	180	169	154	136	116	115	102	92	85	82	70	150	
271-02-S_x	22.2098	3.4571	37.5473	2.4808	19.3341	0.5149		(69, 128)	(255, 76)	(265, 140)	(259, 204)	(87, 140)			255	224	191	158	125	92	69	87	116	145	174	203	232	259	265		
271-02-S_y															224	209	210	209	202	192	172	160	160	145	132	120	114	96	160	
278-01-S_x	14.0042	2.5812	20.9305	2.0102	12.6953	0.6065		(65, 172)	(253, 100)	(281, 144)	(303, 208)	(103, 182)			253	221	186	151	116	81	65	103	136	169	202	235	268	303	281		
278-01-S_y															200	185	185	184	171	161	128	118	122	98	91	92	97	92	156	
278-02-S_x	15.9012	2.6733	22.4515	2.0298	12.9436	0.5765		(75, 131)	(263, 91)	(273, 143)	(277, 205)	(105, 143)			263	233	198	163	128	93	75	105	134	161	189	217	245	277	273		
278-02-S_y															209	195	202	210	204	199	169	157	160	133	115	106	103	95	157	
279-02-S_x	20.3757	3.3349	34.9393	2.5964	21.1777	0.6061		(85, 170)	(225, 94)	(243, 130)	(277, 192)	(103, 180)			225	216	188	159	130	101	85	103	131	159	187	215	243	277	243		
279-02-S_y															206	180	174	170	163	151	130	120	120	110	102	100	103	108	170	
279-03-S_x	19.7329	3.3642	35.5557	2.6562	22.1647	0.6234		(97, 176)	(243, 102)	(265, 142)	(297, 208)	(113, 184)			243	233	204	175	146	117	97	113	143	173	203	233	263	297	265		
279-03-S_y															198	171	163	162	157	147	124	116	117	105	93	88	90	92	158	
291-01-S_x	23.3914	3.6612	42.1115	2.5425	20.3086	0.4823		(131, 204)	(241, 76)	(289, 110)	(311, 168)	(145, 218)			241	241	219	197	175	154	131	145	170	196	222	248	274	311	289		
291-01-S_y															224	199	179	161	142	120	96	82	89	95	103	112	123	132	190	
291-03-S_x	16.7696	2.8972	26.3702	2.1400	14.3875	0.5456		(101, 194)	(251, 90)	(271, 130)	(284, 198)	(113, 212)			251	234	207	180	153	126	101	113	142	170	198	226	254	284	271		
291-03-S_y															210	187	173	159	143	126	106	88	99	98	98	103	105	102	170	
294-01-S_x	19.4679	3.2055	32.2809	2.3955	18.0272	0.5584		(85, 156)	(257, 92)	(274, 134)	(287, 216)	(113, 168)			257	238	205	172	139	106	85	113	142	170	197	225	253	287	274		
294-01-S_y															208	185	185	186	181	174	144	132	138	120	102	91	88	84	166	
294-02-S_x	21.3462	3.5251	39.0394	2.6546	22.1382	0.5671		(74, 164)	(232, 100)	(253, 134)	(279, 204)	(97, 170)			232	215	183	151	119	87	74	97	127	156	186	216	246	279	253		
294-02-S_y															200	179	178	177	169	166	136	130	126	108	96	93	94	96	166	
296-01-S_x	24.2977	3.5319	39.1889	2.4944	19.5475	0.4988		(92, 142)	(242, 82)	(269, 128)	(287, 194)	(118, 154)			242	227	198	169	140	111	92	118	144	169	194	219	251	287	269		
296-01-S_y															218	198	197	196	193	182	158	146	145	131	118	113	118	106	172	
296-02-S_x	20.5550	3.5729	40.1049	2.6300	21.7294	0.5418		(97, 157)	(245, 71)	(263, 121)	(297, 199)	(119, 161)			245	227	196	165	134	103	97	119	150	179	208	237	266	297	263		
296-02-S_y															229	206	201	198	190	173	143	139	136	117	108	106	108	101	179	
310-01-S_x	19.4837	3.3781	35.8515	2.6028	21.2821	0.5936		(91, 169)	(253, 87)	(275, 117)	(311, 185)	(121, 181)			253	227	197	167	137	107	91	121	156	186	216	246	276	311	275		
310-01-S_y															213	195	195	187	171	157	131	119	114	104	100	103	108	115	183	
310-02-S_x	22.4553	3.9556	49.1569	2.9998	28.2697	0.5751		(98, 143)	(254, 101)	(267, 125)	(291, 189)	(121, 161)			254	234	206	178	150	122	98	121	148	176	204	232	260	291	267		
310-02-S_y															199	184	189	190	183	177	157	139	134	117	109	105	107	111	175	
DB-wildtype-side_x	13.5548	2.5129	19.8382	1.9151	11.5215	0.5808		(95, 110)	(287, 110)	(291, 152)	(291, 200)	(121, 118)			287	256	219	182	145	108	95	121	150	172	200	229	258	291	291		
DB-wildtype-side_y															190	183	196	210	219	223	190	182	170	141	115	103	102	100	148	
