/*重疊部分沒處理*/
		Perimeter	Area	P/A ratio	[min circle]	Radius	Area	[Rect]	Width	Height	W/H ratio	Area	[min rect]	Area	[]	Radius	Area	Circle ratio		Primary										
005-02-F		27.7366	33.4021	1.2043		3.7195	43.4628		7.1220	6.7805	1.0504	48.2903		47.3088		1.8862	11.1774	0.2572		(234, 113)	(306, 165)	(269, 247)	(185, 240)	(162, 156)
005-03-F		28.7832	34.4485	1.1968		3.7424	43.9997		7.2195	6.9756	1.0350	50.3605		48.5648		1.9620	12.0933	0.2749		(239, 117)	(315, 163)	(286, 250)	(196, 251)	(166, 164)
010-01-F		24.4812	23.7246	0.9691		3.1426	31.0261		5.9552	5.6954	1.0456	33.9177		33.1942		1.4888	6.9635	0.2244		(234, 120)	(298, 190)	(266, 258)	(184, 244)	(164, 183)
017-01-F		23.1975	29.9299	1.2902		3.4067	36.4595		6.5387	6.3117	1.0360	41.2701		40.5367		1.6298	8.3453	0.2289		(218, 123)	(289, 173)	(265, 246)	(179, 243)	(152, 178)
023-03-F		20.4993	21.0980	1.0292		2.9566	27.4618		5.6723	5.5703	1.0183	31.5962		28.9051		1.6063	8.1061	0.2952		(228, 123)	(298, 160)	(275, 248)	(182, 243)	(155, 163)
031-02-F		23.9738	19.4739	0.8123		2.9154	26.7028		5.4615	5.4038	1.0107	29.5133		28.2596		1.4656	6.7485	0.2527		(244, 116)	(308, 162)	(292, 246)	(202, 248)	(174, 165)
042-01-F		26.0358	30.2741	1.1628		3.4726	37.8833		6.5238	6.5476	0.9964	42.7154		41.7736		1.7932	10.1022	0.2667		(226, 120)	(291, 173)	(267, 251)	(182, 255)	(155, 173)
045-01-F		26.0990	24.4438	0.9366		3.1960	32.0892		5.9768	6.0855	0.9821	36.3722		34.9947		1.5284	7.3390	0.2287		(243, 120)	(298, 191)	(264, 249)	(202, 248)	(171, 175)
045-03-F		22.3833	15.8572	0.7084		2.6444	21.9683		4.8225	5.0485	0.9552	24.3463		22.7519		1.2706	5.0720	0.2309		(245, 124)	(301, 175)	(275, 243)	(196, 242)	(175, 168)
053-02-F		22.7546	24.0594	1.0573		3.2364	32.9051		5.4986	6.1348	0.8963	33.7326		33.1287		1.8012	10.1922	0.3097		(227, 114)	(289, 173)	(275, 254)	(190, 256)	(169, 172)
055-01-F		22.9803	25.6734	1.1172		3.2167	32.5060		6.2028	5.9375	1.0447	36.8293		34.5201		1.6378	8.4275	0.2593		(235, 121)	(306, 172)	(273, 247)	(186, 251)	(155, 163)
055-02-F		22.6740	24.3876	1.0756		3.2052	32.2744		6.0396	5.7743	1.0459	34.8743		33.5456		1.6429	8.4794	0.2627		(234, 125)	(307, 169)	(274, 252)	(187, 250)	(155, 168)
056-05-F		20.7258	22.0479	1.0638		2.9808	27.9144		5.5882	5.4314	1.0289	30.3518		29.6213		1.5858	7.9003	0.2830		(220, 125)	(304, 171)	(271, 250)	(182, 253)	(150, 177)
057-01-F		20.4247	26.2537	1.2854		3.2606	33.3991		5.9767	6.0233	0.9923	35.9995		35.6241		1.5848	7.8901	0.2362		(232, 124)	(294, 170)	(269, 240)	(196, 243)	(165, 173)
057-02-F		20.3376	24.5994	1.2096		3.1394	30.9639		5.7500	5.8542	0.9822	33.6615		33.2055		1.5536	7.5831	0.2449		(228, 116)	(298, 164)	(278, 245)	(190, 243)	(163, 170)
062-01-F		14.2624	12.5374	0.8791		2.1803	14.9348		4.2261	4.0478	1.0441	17.1062		16.3534		1.1412	4.0911	0.2739		(239, 128)	(298, 168)	(277, 236)	(205, 236)	(180, 167)
062-02-F		15.7842	14.6370	0.9273		2.3900	17.9458		4.6028	4.4476	1.0349	20.4713		19.2654		1.2681	5.0516	0.2815		(228, 120)	(295, 181)	(259, 254)	(184, 250)	(161, 167)
078-01-F		21.5687	28.5350	1.3230		3.3273	34.7798		6.2651	6.2207	1.0071	38.9733		38.4673		1.6574	8.6296	0.2481		(226, 119)	(292, 176)	(266, 250)	(185, 254)	(155, 178)
078-02-F		22.6569	26.2407	1.1582		3.1915	31.9985		6.0412	5.8285	1.0365	35.2109		34.7240		1.6203	8.2475	0.2577		(225, 123)	(298, 182)	(273, 252)	(191, 264)	(153, 187)
