/*重疊部分沒處理*/
		Perimeter	Area	P/A ratio	[min circle]	Radius	Area	[Rect]	Width	Height	W/H ratio	Area	[min rect]	Area	[]	Radius	Area	Circle ratio		Primary										
005-02-S		22.1026	11.8443	0.5359		3.5892	40.4718		6.5304	5.4243	1.2039	35.4231		27.5658		2.7683	24.0763	0.5949		(113, 234)	(275, 133)	(315, 187)	(347, 276)	(138, 243)
005-03-S		23.2890	12.6079	0.5414		3.8153	45.7308		6.5590	6.2420	1.0508	40.9417		32.2673		2.9269	26.9135	0.5885		(138, 201)	(302, 138)	(321, 192)	(313, 262)	(165, 214)
010-01-S		24.1254	10.5005	0.4352		3.5160	38.8382		5.3636	6.6136	0.8110	35.4731		28.8706		2.2522	15.9361	0.4103		(145, 243)	(303, 140)	(322, 188)	(310, 267)	(167, 253)
017-01-S		23.6220	12.3393	0.5224		3.6198	41.1634		6.2105	6.4737	0.9593	40.2050		30.4713		2.6079	21.3658	0.5190		(148, 180)	(303, 140)	(303, 189)	(315, 253)	(172, 191)
023-03-S		19.8338	12.8074	0.6457		3.5661	39.9521		6.9448	4.3249	1.6058	30.0355		26.6098		2.4853	19.4047	0.4857		(106, 239)	(268, 159)	(293, 192)	(332, 255)	(123, 257)
031-01-S		21.2105	13.8026	0.6507		3.6454	41.7486		6.8298	4.9787	1.3718	34.0036		29.9576		2.7107	23.0845	0.5529		(92, 195)	(280, 161)	(306, 232)	(226, 260)	(109, 217)
042-01-S		23.9007	14.5581	0.6091		3.4682	37.7876		6.7432	6.0199	1.1201	40.5932		30.0612		2.5551	20.5097	0.5428		(112, 248)	(281, 117)	(326, 181)	(331, 268)	(138, 265)
045-01-S		21.0543	11.4021	0.5416		3.4088	36.5055		6.1628	5.7674	1.0685	35.5435		28.0330		2.6525	22.1037	0.6055		(130, 240)	(292, 153)	(323, 202)	(339, 281)	(154, 249)
045-03-S		19.8458	9.2896	0.4681		3.0272	28.7891		5.4388	4.2166	1.2899	22.9332		20.7864		2.4069	18.2000	0.6322		(120, 178)	(309, 157)	(315, 204)	(324, 283)	(144, 195)
053-02-S		22.7570	16.7886	0.7377		3.9005	47.7960		7.2727	5.7482	1.2652	41.8051		37.5393		2.9880	28.0478	0.5868		(112, 249)	(281, 143)	(316, 199)	(341, 273)	(133, 265)
055-01-S		22.8116	12.7613	0.5594		3.2516	33.2154		6.1901	5.5519	1.1149	34.3670		24.1958		2.3816	17.8188	0.5365		(121, 205)	(284, 134)	(301, 167)	(331, 260)	(148, 226)
055-02-S		21.5862	11.1888	0.5183		3.3796	35.8821		6.5539	4.8210	1.3594	31.5967		24.5688		2.4225	18.4360	0.5138		(127, 246)	(273, 154)	(308, 214)	(337, 270)	(151, 255)
056-05-S		19.5270	10.2160	0.5232		3.2499	33.1818		5.0774	4.8735	1.0418	24.7447		24.3201		2.2768	16.2856	0.4908		(129, 161)	(319, 145)	(321, 198)	(307, 279)	(155, 165)
057-01-S		21.5450	13.4718	0.6253		3.5892	40.4720		6.3903	5.1622	1.2379	32.9879		32.4318		2.6098	21.3981	0.5287		(109, 289)	(265, 131)	(311, 179)	(344, 253)	(130, 301)
057-02-S		22.5173	13.3676	0.5937		3.5142	38.7975		6.4167	5.5417	1.1579	35.5590		31.5764		2.4403	18.7083	0.4822		(107, 246)	(283, 136)	(308, 182)	(328, 265)	(131, 269)
062-01-S		16.5820	8.3651	0.5045		2.9005	26.4294		5.5404	3.6012	1.5385	19.9523		17.9243		2.3063	16.7106	0.6323		(114, 219)	(298, 146)	(312, 194)	(353, 260)	(143, 237)
062-02-S		17.3914	11.8579	0.6818		3.0894	29.9848		5.9362	3.8742	1.5323	22.9978		21.0790		2.3269	17.0102	0.5673		(120, 216)	(296, 139)	(336, 196)	(326, 255)	(142, 231)
078-01-S		21.9377	13.3408	0.6081		3.5470	39.5260		6.7124	4.9272	1.3623	33.0731		31.5330		2.7029	22.9512	0.5807		(132, 296)	(248, 153)	(301, 192)	(347, 254)	(157, 305)
078-02-S		22.8029	13.5312	0.5934		3.5868	40.4177		6.9048	5.2857	1.3063	36.4966		31.7609		2.5061	19.7308	0.4882		(132, 244)	(283, 149)	(312, 190)	(334, 260)	(147, 261)
