005-02-F_x	32.8544	27.3965	3.6876	42.7216	0.0892	0.0892	1.9079	11.4353	0.2677		(193, 60)	(119, 102)	(141, 188)	(231, 194)	(265, 110)			193	195	158	120	91	86	119	84	53	44	62	100	141	122	144	179	218	245	231	261	301	329	332	306	265	298	299	269	232	196		
005-02-F_y																		60	25	9	10	37	75	102	93	122	160	197	215	188	225	265	280	270	237	194	227	218	183	143	108	110	84	46	17	9	22	
005-03-F_x	36.9457	29.7123	3.8763	47.2055	0.0979	0.0979	1.9936	12.4856	0.2645		(197, 62)	(125, 112)	(155, 196)	(243, 198)	(271, 114)			197	193	157	121	94	91	125	88	58	52	75	115	155	138	153	193	232	259	243	278	317	342	342	316	271	304	304	278	241	202		
005-03-F_y																		62	25	12	15	45	81	112	104	137	177	215	229	196	233	271	291	281	243	198	225	216	179	140	105	114	89	51	20	8	21	
010-01-F_x	25.9915	25.5381	3.2890	33.9843	0.0688	0.0688	1.6091	8.1338	0.2393		(195, 68)	(125, 130)	(147, 204)	(227, 204)	(263, 130)			195	180	136	95	74	79	125	86	54	49	77	119	147	131	156	195	233	257	227	253	297	330	338	309	263	300	310	283	241	202		
010-01-F_y																		68	26	13	25	64	108	130	120	156	198	236	245	204	242	282	293	278	242	204	246	241	206	165	129	130	109	71	36	17	25	
010-02-F_x	26.6697	26.0958	3.3474	35.2012	0.0714	0.0714	1.6071	8.1139	0.2305		(187, 68)	(115, 128)	(143, 202)	(223, 202)	(255, 126)			187	183	143	99	68	71	115	76	42	40	70	112	143	123	143	180	218	248	223	248	290	322	328	302	255	291	294	266	226	188		
010-02-F_y																		68	27	15	23	56	99	128	120	152	192	230	241	202	241	282	298	279	248	202	241	232	200	158	118	126	102	62	27	16	22	
017-01-F_x	33.6176	24.5974	3.6105	40.9526	0.0869	0.0869	1.6800	8.8666	0.2165		(177, 70)	(113, 126)	(141, 188)	(221, 188)	(247, 120)			177	167	130	93	63	68	113	63	37	46	78	116	141	106	130	176	222	252	221	244	284	318	320	294	247	286	293	262	221	179		
017-01-F_y																		70	22	13	35	63	100	126	122	160	199	230	225	188	227	268	284	273	233	188	232	230	192	149	110	120	102	61	27	7	18	
017-02-F_x	36.1942	26.0206	3.8326	46.1460	0.0981	0.0981	1.7913	10.0806	0.2185		(163, 66)	(99, 118)	(125, 190)	(207, 186)	(227, 120)			163	162	130	90	57	55	99	55	28	24	55	95	125	92	119	163	208	233	207	224	261	294	295	274	233	270	270	240	200	170		
017-02-F_y																		66	30	11	20	56	96	118	118	155	195	230	230	190	228	268	284	271	228	186	222	221	193	157	119	123	103	62	22	8	28	
018-03-F_x	25.9814	22.6633	3.2225	32.6247	0.0737	0.0737	1.7748	9.8954	0.3033		(191, 56)	(119, 110)	(151, 188)	(241, 188)	(263, 108)			191	185	147	108	86	81	119	78	60	59	81	117	151	130	155	192	230	264	241	270	300	317	316	300	263	296	287	275	238	201		
018-03-F_y																		56	20	13	16	52	91	110	102	136	172	206	217	188	223	252	266	259	227	188	207	196	165	139	107	108	99	62	25	14	17	
018-04-F_x	22.0320	19.0440	2.9668	27.6523	0.0586	0.0586	1.6670	8.7305	0.3157		(203, 57)	(123, 107)	(153, 195)	(251, 197)	(279, 107)			203	200	169	131	102	91	123	77	62	60	81	115	153	129	160	196	232	268	251	283	315	339	342	327	281	319	304	278	240	207		
018-04-F_y																		57	24	11	9	37	75	107	104	137	171	205	223	195	228	263	278	271	241	197	227	212	179	146	113	107	85	47	11	7	20	
023-03-F_x	22.3579	20.3107	2.9951	28.1812	0.0629	0.0629	1.5978	8.0204	0.2846		(189, 68)	(119, 110)	(143, 190)	(235, 192)	(259, 112)			189	184	147	113	88	84	119	87	58	54	70	105	143	123	148	186	224	255	235	264	301	324	322	299	259	289	285	262	227	192		
023-03-F_y																		68	32	12	20	54	90	110	96	128	163	195	213	190	225	263	275	266	232	192	222	207	174	137	102	112	89	54	27	22	32	
023-04-F_x	25.1477	21.4905	3.1891	31.9519	0.0693	0.0693	1.6712	8.7739	0.2746		(185, 62)	(113, 112)	(145, 196)	(231, 194)	(255, 114)			185	174	139	104	78	76	113	78	51	50	74	112	145	125	148	186	224	250	231	263	296	318	318	302	257	294	288	264	231	200		
023-04-F_y																		62	19	14	23	53	88	112	102	135	173	207	227	196	231	268	283	275	240	194	224	205	178	144	110	114	87	54	25	14	19	
024-01-F_x	21.2214	19.0920	2.8275	25.1159	0.0554	0.0554	1.6003	8.0451	0.3203		(203, 74)	(123, 118)	(159, 206)	(245, 206)	(275, 120)			203	214	175	139	98	83	123	83	65	74	112	154	159	134	165	204	244	271	245	269	311	337	327	312	275	309	301	266	222	184		
024-01-F_y																		74	38	17	25	53	96	118	124	167	210	244	252	206	240	264	287	272	241	206	238	225	185	144	108	120	102	58	21	14	37	
024-04-F_x	18.5758	17.3597	2.7344	23.4900	0.0508	0.0508	1.4141	6.2825	0.2675		(185, 72)	(113, 126)	(151, 212)	(233, 202)	(257, 126)			185	177	149	106	73	78	113	73	49	60	103	152	151	130	132	177	221	261	233	256	297	320	319	286	257	292	292	268	224	190		
024-04-F_y																		72	32	19	34	74	119	126	120	166	217	246	255	212	215	255	270	273	242	202	235	221	179	136	100	126	127	82	39	22	29	
031-01-F_x	22.4532	25.2223	3.0959	30.1117	0.0632	0.0632	1.5552	7.5984	0.2523		(205, 64)	(133, 114)	(153, 196)	(241, 198)	(265, 120)			205	197	164	126	98	99	133	97	64	58	77	116	153	137	154	195	235	263	241	276	314	339	333	306	265	288	299	279	244	210		
031-01-F_y																		64	29	11	19	49	87	114	108	136	175	211	229	196	234	272	290	279	243	198	223	217	182	144	111	120	92	57	31	18	25	
031-02-F_x	22.4285	25.1319	3.0880	29.9579	0.0638	0.0638	1.5309	7.3628	0.2458		(201, 62)	(131, 112)	(163, 196)	(247, 190)	(269, 112)			201	191	158	125	100	98	131	96	68	68	90	128	163	147	168	208	249	273	247	282	321	345	343	312	269	295	295	275	244	214		
031-02-F_y																		62	31	15	17	44	78	112	112	143	181	217	236	196	234	270	283	270	232	190	218	207	175	136	102	112	87	53	25	8	27	
036-01-F_x	23.4403	19.8318	3.0755	29.7159	0.0632	0.0632	1.6016	8.0581	0.2712		(189, 64)	(123, 128)	(149, 206)	(233, 200)	(257, 116)			189	187	145	105	75	79	123	86	59	59	81	121	149	130	149	187	225	254	233	257	293	316	319	297	257	297	302	276	233	194		
036-01-F_y																		64	25	14	33	69	111	128	118	153	192	231	247	206	241	274	283	272	242	200	232	219	184	148	113	116	109	66	24	10	22	
036-02-F_x	17.9780	19.0053	2.7104	23.0792	0.0580	0.0580	1.5376	7.4276	0.3218		(191, 72)	(125, 118)	(149, 200)	(225, 196)	(255, 124)			191	185	153	124	102	95	125	97	76	73	89	120	149	134	157	188	219	240	225	251	280	301	302	290	255	284	291	273	242	210		
036-02-F_y																		72	43	32	44	72	104	118	117	145	176	206	224	200	228	258	266	260	230	196	212	201	175	146	117	124	114	83	56	39	40	
042-01-F_x	31.7374	26.5605	3.5536	39.6731	0.0866	0.0866	1.7917	10.0853	0.2542		(183, 68)	(115, 122)	(147, 196)	(225, 198)	(247, 122)			183	173	136	99	76	81	115	76	50	50	80	119	147	123	142	182	222	248	225	250	289	314	316	292	247	280	289	266	230	194		
042-01-F_y																		68	21	12	31	63	100	122	119	152	191	227	237	196	233	272	285	277	242	198	234	228	193	154	117	122	104	68	40	15	18	
042-02-F_x	25.5340	24.1220	3.1992	32.1539	0.0663	0.0663	1.6890	8.9623	0.2787		(185, 62)	(115, 124)	(139, 208)	(223, 208)	(253, 128)			185	181	148	110	77	75	115	77	43	43	66	107	139	113	135	173	212	242	223	246	288	317	324	297	253	291	303	285	244	203		
042-02-F_y																		62	27	5	14	53	92	124	116	147	188	228	245	208	244	276	294	281	250	208	246	243	206	165	128	128	113	75	36	15	16	
045-01-F_x	26.3125	26.9392	3.3138	34.4987	0.0747	0.0747	1.6111	8.1543	0.2364		(199, 70)	(133, 120)	(159, 194)	(237, 194)	(269, 122)			199	193	159	122	91	93	133	98	66	59	83	121	159	148	162	202	240	256	237	266	301	327	331	307	269	302	307	277	240	208		
045-01-F_y																		70	33	7	25	55	95	120	117	141	179	213	227	194	231	270	286	271	235	194	221	219	188	153	124	122	98	61	24	15	30	
045-03-F_x	16.2739	22.2307	2.5626	20.6310	0.0489	0.0489	1.3193	5.4678	0.2650		(203, 70)	(133, 116)	(157, 188)	(235, 192)	(259, 124)			203	196	172	140	109	101	133	99	69	71	92	123	157	140	155	191	228	255	235	264	296	316	317	293	259	290	300	280	246	215		
045-03-F_y																		70	38	15	21	47	82	116	112	140	177	210	221	188	222	258	271	266	232	192	218	211	183	151	125	124	107	73	43	27	36	
050-03-F_x	23.5056	20.6684	3.1547	31.2655	0.0673	0.0673	1.7490	9.6101	0.3074		(190, 56)	(122, 112)	(144, 198)	(240, 200)	(262, 110)			190	182	147	111	103	86	122	90	63	62	78	114	144	122	152	189	228	258	240	274	310	320	315	290	262	295	287	275	235	207		
050-03-F_y																		56	22	13	28	65	103	112	93	130	170	207	231	198	233	267	283	271	241	200	219	198	161	124	92	110	104	64	27	24	10	
050-04-F_x	23.8032	21.4330	3.0739	29.6853	0.0665	0.0665	1.7499	9.6205	0.3241		(177, 62)	(105, 118)	(131, 204)	(231, 202)	(253, 114)			177	176	147	110	89	69	105	64	46	51	66	100	131	125	155	189	221	244	231	265	302	309	308	282	253	286	279	260	225	189		
050-04-F_y																		62	28	19	25	58	94	118	110	144	178	208	231	204	247	276	284	270	240	202	219	202	163	124	91	114	107	72	41	21	23	
053-01-F_x	23.1320	20.3123	3.0979	30.1505	0.0692	0.0692	1.6160	8.2041	0.2721		(179, 62)	(119, 108)	(137, 190)	(219, 190)	(243, 108)			179	179	142	104	83	82	119	86	63	55	66	102	137	120	145	181	218	243	219	239	275	297	297	276	243	271	275	255	220	184		
053-01-F_y																		62	23	14	26	60	97	108	93	123	159	194	216	190	224	259	270	258	222	190	217	206	171	136	105	108	96	60	28	15	21	
053-02-F_x	26.6798	21.9738	3.4100	36.5297	0.0816	0.0816	1.9196	11.5764	0.3169		(187, 60)	(127, 118)	(151, 202)	(235, 204)	(247, 118)			187	177	138	100	87	100	127	107	81	71	81	114	151	130	151	186	222	253	235	265	296	309	300	284	247	275	282	262	232	199		
053-02-F_y																		60	24	16	39	78	116	118	109	132	167	202	227	202	235	266	282	274	242	204	222	200	168	134	105	118	100	67	38	21	24	
055-01-F_x	26.2707	22.7687	3.2510	33.2034	0.0671	0.0671	1.6753	8.8175	0.2656		(193, 66)	(113, 110)	(143, 200)	(233, 198)	(265, 120)			193	194	155	116	83	77	113	73	46	36	65	108	143	112	145	186	227	261	233	263	308	330	335	311	265	299	304	279	249	212		
055-01-F_y																		66	12	6	15	43	82	110	105	137	177	215	241	200	240	270	292	274	244	198	239	229	192	147	106	120	101	65	32	13	15	
055-02-F_x	25.3614	22.0473	3.1787	31.7434	0.0662	0.0662	1.6613	8.6710	0.2732		(193, 72)	(115, 112)	(147, 198)	(233, 198)	(265, 116)			193	203	164	123	86	77	115	76	50	50	70	111	147	118	147	189	229	261	233	264	303	327	330	311	265	300	292	258	219	180		
055-02-F_y																		72	31	7	12	41	83	112	107	138	180	221	237	198	236	267	289	269	237	198	235	220	185	146	107	116	94	53	19	11	29	
056-01-F_x	16.7781	16.7055	2.5835	20.9683	0.0443	0.0443	1.3148	5.4305	0.2590		(195, 70)	(123, 118)	(151, 192)	(239, 192)	(269, 118)			195	197	164	123	93	82	123	78	52	55	81	118	151	119	151	196	241	273	239	256	297	333	337	314	269	305	293	263	223	189		
056-01-F_y																		70	30	14	19	48	87	118	113	150	189	220	232	192	228	263	286	262	228	192	234	232	195	153	111	118	99	59	18	10	28	
056-05-F_x	22.4716	20.8500	3.0101	28.4658	0.0596	0.0596	1.5715	7.7588	0.2726		(181, 74)	(109, 126)	(143, 204)	(227, 200)	(259, 118)			181	177	135	93	67	67	109	76	48	50	81	116	143	114	136	180	224	256	227	244	289	319	328	307	259	297	293	266	224	185		
056-05-F_y																		74	34	16	32	71	113	126	131	160	199	222	235	204	234	277	290	276	234	200	238	226	209	164	119	118	100	58	23	17	33	
057-01-F_x	23.2407	19.1877	3.0663	29.5384	0.0671	0.0671	1.4990	7.0596	0.2390		(191, 72)	(129, 122)	(157, 190)	(227, 196)	(253, 118)			191	198	162	123	90	90	129	82	62	72	104	142	157	130	136	179	222	255	227	243	280	310	317	300	255	292	291	258	219	184		
057-01-F_y																		72	36	18	22	54	93	122	116	155	194	224	222	190	202	245	272	266	225	196	222	217	182	146	110	120	90	52	21	19	36	
057-02-F_x	25.3165	20.4009	3.1865	31.8984	0.0674	0.0674	1.5557	7.6035	0.2384		(191, 62)	(123, 112)	(147, 192)	(229, 194)	(255, 112)			191	194	150	108	77	85	123	88	57	57	79	120	147	121	148	193	238	256	229	242	285	318	325	297	255	294	296	271	226	181		
057-02-F_y																		62	23	4	18	54	98	112	104	139	180	218	228	192	225	271	283	260	218	194	229	227	190	146	104	112	104	59	17	9	16	
062-01-F_x	12.5405	14.1302	2.1774	14.8951	0.0388	0.0388	1.1216	3.9523	0.2653		(199, 72)	(139, 114)	(165, 184)	(235, 184)	(257, 114)			199	207	176	142	113	107	139	104	80	84	114	138	165	137	153	188	223	255	235	264	296	313	313	289	257	288	288	261	227	194		
062-01-F_y																		72	44	27	34	63	98	114	99	135	175	208	214	184	203	237	253	251	225	184	205	192	160	128	103	114	102	68	36	29	40	
062-02-F_x	35.0841	23.5438	3.6972	42.9423	0.0986	0.0986	1.9512	11.9604	0.2785		(187, 69)	(117, 113)	(143, 197)	(219, 201)	(255, 131)			187	200	166	127	93	88	117	83	55	50	76	113	143	117	131	167	203	238	219	232	268	301	315	305	255	293	293	269	234	199		
062-02-F_y																		69	30	17	22	56	95	113	100	133	171	208	227	197	218	251	271	266	234	201	230	232	204	168	132	131	110	75	42	26	30	
076-01-F_x	18.7137	17.4794	2.7648	24.0139	0.0485	0.0485	1.3891	6.0616	0.2524		(197, 72)	(119, 122)	(155, 200)	(239, 194)	(271, 124)			197	190	150	110	87	77	119	79	51	43	67	110	155	131	174	218	259	278	239	245	295	334	340	320	271	305	299	286	249	211		
076-01-F_y																		72	18	14	27	61	102	122	108	143	186	229	244	200	253	286	289	265	220	194	239	236	207	159	112	124	111	75	38	22	18	
076-02-F_x	21.5833	18.8597	2.9288	26.9490	0.0565	0.0565	1.4934	7.0065	0.2600		(201, 66)	(125, 118)	(159, 194)	(243, 190)	(273, 116)			201	203	166	125	96	89	125	83	59	58	93	136	159	124	155	201	247	277	243	255	298	336	343	321	273	310	306	285	246	206		
076-02-F_y																		66	29	10	17	51	91	118	105	145	190	228	236	194	226	268	282	266	222	190	229	226	193	149	106	116	102	64	29	11	21	
077-03-F_x	26.1254	20.1647	3.1530	31.2320	0.0716	0.0716	1.6282	8.3282	0.2667		(197, 74)	(127, 124)	(153, 200)	(237, 200)	(261, 120)			197	209	175	131	94	89	127	91	65	74	103	148	153	127	154	195	237	263	237	252	295	321	319	289	261	295	294	262	217	183		
077-03-F_y																		74	40	20	26	62	108	124	109	147	191	231	239	200	226	269	281	268	226	200	230	220	179	137	98	120	111	67	29	21	36	
077-05-F_x	25.4275	19.9275	3.1142	30.4686	0.0678	0.0678	1.6172	8.2167	0.2697		(195, 74)	(127, 126)	(147, 202)	(227, 198)	(259, 118)			195	201	161	121	90	89	127	103	63	55	78	126	147	109	140	194	248	269	227	241	283	317	324	297	259	296	300	263	217	177		
077-05-F_y																		74	39	23	37	77	120	126	95	129	175	221	238	202	220	271	285	267	213	198	233	231	194	151	109	118	115	70	31	18	40	
078-01-F_x	31.9297	22.7437	3.5239	39.0108	0.0827	0.0827	1.7886	10.0507	0.2576		(183, 66)	(115, 124)	(143, 204)	(223, 194)	(253, 128)			183	181	138	93	69	84	115	91	52	42	68	112	143	117	147	189	232	255	223	239	277	311	324	306	253	298	292	256	213	759		
078-01-F_y																		66	23	13	33	77	119	124	109	134	178	221	245	204	241	276	287	271	227	194	229	233	203	166	125	128	96	53	19	13	256	
078-02-F_x	28.5214	22.7116	3.3553	35.3677	0.0744	0.0744	1.6563	8.6188	0.2437		(183, 74)	(113, 134)	(149, 202)	(229, 198)	(257, 128)			183	184	148	102	69	67	113	74	47	46	76	116	149	125	164	203	242	255	229	230	273	313	327	312	257	298	293	258	217	184		
078-02-F_y																		74	31	12	27	67	113	134	124	155	197	233	251	202	252	283	283	260	220	198	231	240	207	166	121	128	100	59	24	15	31	
079-01-F_x	21.1093	18.3275	2.9624	27.5691	0.0654	0.0654	1.5290	7.3443	0.2664		(195, 78)	(137, 124)	(159, 200)	(237, 200)	(257, 126)			195	188	165	127	100	101	137	106	87	82	103	136	159	139	165	201	236	260	237	257	290	318	314	294	257	293	292	268	230	199		
079-01-F_y																		78	43	26	43	77	117	124	121	152	185	212	229	200	229	261	280	265	229	200	222	214	182	147	112	126	117	80	44	31	39	
079-02-F_x	24.0236	19.7384	3.1424	31.0219	0.0690	0.0690	1.6081	8.1236	0.2619		(195, 64)	(131, 112)	(159, 194)	(241, 192)	(259, 110)			195	203	165	128	94	95	131	100	81	65	82	120	159	134	167	203	238	263	241	265	303	324	321	292	259	292	294	267	228	189		
079-02-F_y																		64	28	12	20	53	93	112	94	127	165	199	218	194	232	267	277	259	223	192	222	204	169	131	93	110	98	56	21	14	26	
082-02-F_x	10.9893	12.9608	2.0566	13.2873	0.0345	0.0345	1.0530	3.4832	0.2621		(187, 84)	(133, 132)	(151, 194)	(217, 196)	(247, 132)			187	180	146	112	92	97	133	103	75	73	94	130	151	117	128	162	198	233	217	253	286	302	298	278	247	279	281	263	228	193		
082-02-F_y																		84	45	45	62	95	130	132	111	146	183	217	231	194	207	241	262	262	240	196	225	209	176	143	112	132	126	92	58	43	43	
082-03-F_x	11.0668	13.1189	2.0590	13.3183	0.0362	0.0362	1.0893	3.7277	0.2799		(191, 82)	(133, 124)	(155, 186)	(221, 190)	(251, 128)			191	197	171	140	109	102	133	101	83	81	93	121	155	128	152	184	216	244	221	250	277	295	299	293	251	289	286	260	228	198		
082-03-F_y																		82	51	45	49	70	101	124	112	140	168	196	214	186	220	249	251	252	227	190	218	209	185	158	131	128	115	83	56	46	51	
083-01-F_x	23.6003	23.7206	3.1744	31.6579	0.0667	0.0667	1.6036	8.0784	0.2552		(189, 62)	(115, 114)	(143, 190)	(235, 186)	(259, 112)			189	183	150	116	91	89	115	80	49	46	74	112	143	127	146	189	232	252	235	265	300	324	323	297	259	285	285	263	229	197		
083-01-F_y																		62	29	8	14	45	81	114	115	146	184	217	224	190	230	273	289	275	232	186	216	209	178	142	108	112	86	52	21	10	27	
083-02-F_x	26.9373	25.5618	3.3779	35.8461	0.0763	0.0763	1.6910	8.9834	0.2506		(183, 62)	(113, 120)	(147, 196)	(229, 188)	(255, 112)			183	176	142	109	83	83	113	79	52	49	75	111	147	130	148	189	230	250	229	261	294	323	323	298	255	280	282	264	230	196		
083-02-F_y																		62	28	9	17	50	87	120	121	150	187	218	226	196	234	275	290	273	232	188	219	215	186	149	115	112	90	56	23	11	23	
084-01-F_x	21.9681	21.7762	2.9930	28.1418	0.0601	0.0601	1.6101	8.1438	0.2894		(185, 52)	(113, 110)	(139, 196)	(229, 190)	(255, 110)			185	178	144	107	79	78	113	80	52	47	66	102	139	120	149	190	230	261	229	255	295	322	320	295	255	286	284	261	227	195		
084-01-F_y																		52	18	7	17	51	88	110	106	134	170	206	224	196	234	270	283	261	227	190	220	216	180	141	107	110	92	58	25	9	16	
084-02-F_x	22.5325	20.5819	2.9660	27.6368	0.0582	0.0582	1.5696	7.7397	0.2801		(189, 62)	(109, 120)	(141, 204)	(233, 202)	(261, 122)			189	184	147	108	80	72	109	71	46	47	65	106	141	118	149	188	227	258	233	261	300	325	327	306	261	292	292	272	236	200		
084-02-F_y																		62	26	10	24	58	97	120	114	148	189	228	248	204	248	275	289	277	247	202	237	227	194	155	116	122	104	68	34	16	22	
091-01-F_x	16.3579	18.3164	2.6294	21.7207	0.0536	0.0536	1.2767	5.1203	0.2357		(189, 78)	(137, 116)	(153, 186)	(227, 188)	(247, 120)			189	177	146	116	106	107	137	109	76	68	82	117	153	129	152	187	222	250	227	255	287	304	301	282	248	275	275	257	231	204		
091-01-F_y																		78	38	30	44	71	103	116	98	128	162	197	210	186	220	257	265	257	226	188	205	199	168	136	107	118	100	70	43	30	42	
091-02-F_x	16.5754	19.0738	2.6763	22.5026	0.0509	0.0509	1.3290	5.5490	0.2466		(189, 72)	(133, 118)	(155, 196)	(231, 196)	(247, 120)			189	182	146	112	95	101	133	102	75	66	86	120	155	127	142	181	218	248	231	264	300	320	314	285	247	281	276	272	240	203		
091-02-F_y																		72	39	24	33	68	105	118	101	128	164	198	217	196	226	264	279	276	241	196	219	207	172	136	105	120	106	69	36	21	33	
094-01-F_x	26.1105	21.0773	3.2199	32.5715	0.0688	0.0688	1.6492	8.5445	0.2623		(188, 60)	(120, 116)	(144, 198)	(230, 194)	(254, 116)			188	173	136	99	79	79	120	72	48	51	80	118	144	118	145	188	231	260	230	256	294	324	324	295	255	291	298	282	244	207		
094-01-F_y																		60	17	8	24	58	95	116	112	151	191	225	234	198	229	270	286	272	232	194	222	218	184	145	106	116	105	67	29	9	11	
094-02-F_x	21.4815	19.6535	2.9622	27.5655	0.0596	0.0596	1.4844	6.9228	0.2511		(197, 66)	(135, 122)	(157, 196)	(245, 192)	(263, 116)			197	192	155	118	94	93	135	93	66	64	92	128	157	135	161	204	247	273	245	273	315	339	325	283	264	283	303	292	253	215		
094-02-F_y																		66	30	15	26	61	98	122	112	147	183	215	226	196	231	274	285	271	228	192	218	206	166	124	99	116	116	83	42	13	24	
099-01-F_x	26.8297	21.2629	3.2465	33.1118	0.0708	0.0708	1.7305	9.4084	0.2841		(190, 50)	(120, 104)	(144, 188)	(238, 188)	(262, 104)			190	184	147	109	86	83	120	80	55	51	71	112	144	114	138	183	227	264	238	266	305	328	331	313	262	297	293	267	234	201		
099-01-F_y																		50	11	6	19	52	89	104	90	121	163	205	222	188	220	256	282	263	230	188	222	207	168	129	92	104	79	46	19	12	10	
099-02-F_x	26.9631	22.3058	3.2979	34.1676	0.0723	0.0723	1.7705	9.8477	0.2882		(184, 60)	(112, 114)	(146, 200)	(238, 196)	(262, 108)			184	169	131	96	76	78	112	80	53	53	72	112	146	116	156	197	241	270	238	255	294	321	323	306	262	295	290	266	230	198		
099-02-F_y																		60	15	15	29	65	101	114	110	139	181	220	236	200	235	272	287	261	222	196	223	219	181	140	102	108	89	53	22	16	17	
106-01-F_x	27.9459	24.0730	3.4129	36.5922	0.0742	0.0742	1.7093	9.1793	0.2509		(189, 63)	(115, 123)	(145, 201)	(235, 201)	(259, 129)			189	160	120	78	65	77	115	73	47	44	63	105	145	129	153	184	223	253	235	268	310	327	329	301	259	296	308	292	250	208		
106-01-F_y																		63	20	14	33	74	102	123	116	130	172	214	226	201	239	278	286	278	246	201	231	219	179	137	113	129	117	77	35	16	25	
106-02-F_x	29.5353	24.9263	3.5679	39.9922	0.0773	0.0773	1.8270	10.4862	0.2622		(188, 58)	(116, 124)	(156, 200)	(244, 206)	(270, 128)			188	184	139	97	69	70	116	67	40	52	69	110	156	140	165	204	239	272	244	282	322	333	334	309	270	306	309	293	250	207		
106-02-F_y																		58	16	12	15	55	98	124	117	147	189	221	233	200	251	284	298	284	254	206	232	213	178	137	109	128	110	69	28	11	14	
107-02-F_x	26.5203	24.8200	3.2837	33.8752	0.0721	0.0721	1.9766	12.2741	0.3623		(164, 48)	(84, 120)	(122, 210)	(220, 208)	(252, 114)			164	144	111	77	56	50	84	53	35	34	58	91	122	114	135	171	206	236	220	251	285	302	306	289	252	280	281	261	230	197		
107-02-F_y																		48	16	10	32	65	101	120	125	153	186	218	229	210	243	275	286	279	250	208	222	212	182	148	119	114	93	61	30	13	16	
107-03-F_x	22.6152	23.1046	3.0760	29.7244	0.0650	0.0650	1.8672	10.9531	0.3685		(190, 50)	(106, 118)	(148, 208)	(236, 208)	(270, 120)			190	175	141	108	88	79	106	77	62	64	84	114	148	140	158	190	222	251	236	265	296	317	319	303	270	293	293	272	239	206		
107-03-F_y																		50	20	13	25	56	89	118	127	155	187	217	232	208	237	267	283	272	246	208	229	217	187	156	127	120	94	61	33	16	17	
112-01-F_x	19.6978	17.5646	2.7135	23.1315	0.0486	0.0486	1.4471	6.5791	0.2844		(183, 64)	(109, 126)	(139, 208)	(229, 206)	(259, 118)			183	174	127	80	56	65	109	75	42	42	69	116	139	108	132	174	216	253	229	253	294	324	325	299	260	301	297	262	218	175		
112-01-F_y																		64	19	24	40	85	129	126	113	146	192	236	250	208	237	275	285	283	249	206	238	227	188	145	105	119	104	60	25	9	22	
112-02-F_x	25.9067	20.0245	3.1750	31.6696	0.0683	0.0683	1.7110	9.1969	0.2904		(185, 64)	(119, 124)	(147, 206)	(237, 200)	(261, 114)			185	169	130	90	72	79	119	81	56	59	86	127	147	124	155	195	235	265	237	262	302	322	325	301	261	296	308	289	248	207		
112-02-F_y																		64	14	26	41	82	119	124	114	148	188	226	242	206	238	269	280	270	233	200	233	215	176	135	101	114	111	77	36	16	17	
118-04-F_x	17.1910	16.7476	2.6790	22.5473	0.0493	0.0493	1.4774	6.8575	0.3041		(179, 56)	(105, 110)	(137, 194)	(229, 192)	(255, 106)			179	180	143	106	80	69	105	62	47	50	68	106	137	115	144	175	208	239	229	264	302	325	314	286	255	288	284	261	223	185		
118-04-F_y																		56	21	20	19	51	88	110	99	137	172	208	222	194	217	242	265	257	228	192	219	196	160	121	87	106	96	57	25	21	22	
118-05-F_x	17.1830	16.8236	2.6300	21.7297	0.0486	0.0486	1.5191	7.2502	0.3337		(193, 54)	(117, 106)	(139, 192)	(239, 194)	(269, 110)			193	190	156	121	97	79	117	85	61	49	62	100	139	125	150	183	216	243	239	270	308	322	319	299	269	302	294	275	239	202		
118-05-F_y																		54	22	19	20	50	90	106	76	115	153	189	213	192	221	253	269	262	232	194	221	199	162	124	89	110	104	66	29	20	17	
119-01-F_x	21.8971	18.4556	2.9224	26.8312	0.0587	0.0587	1.5357	7.4095	0.2762		(181, 70)	(117, 126)	(145, 208)	(227, 204)	(251, 126)			181	178	139	101	73	73	117	70	53	52	79	118	145	125	154	192	230	265	227	269	303	318	314	299	251	290	287	260	229	198		
119-01-F_y																		70	24	22	33	70	108	126	114	153	192	230	247	208	243	279	290	276	243	204	235	211	175	140	106	126	100	70	39	29	28	
119-02-F_x	17.8121	17.1106	2.6466	22.0049	0.0527	0.0527	1.5150	7.2105	0.3277		(193, 74)	(125, 124)	(145, 210)	(229, 202)	(257, 136)			193	189	156	119	93	89	125	93	67	62	78	112	145	131	159	190	221	245	229	257	290	309	306	286	257	290	295	278	242	211		
119-02-F_y																		74	40	34	49	83	120	124	114	147	181	215	237	210	245	269	270	269	241	202	236	214	179	144	117	136	129	94	59	46	39	
127-01-F_x	24.3869	20.5565	3.2885	33.9743	0.0652	0.0652	1.8488	10.7383	0.3161		(185, 54)	(95, 116)	(129, 220)	(231, 218)	(259, 120)			185	173	138	103	84	70	95	57	31	29	49	90	129	118	152	187	224	251	231	253	296	331	333	305	259	296	295	282	245	204		
127-01-F_y																		54	29	22	25	59	93	116	113	152	193	232	243	220	254	273	287	276	250	218	255	246	209	164	120	120	116	77	37	8	17	
127-02-F_x	26.2532	21.4009	3.3503	35.2622	0.0726	0.0726	1.9139	11.5082	0.3264		(193, 70)	(107, 126)	(145, 222)	(241, 220)	(271, 128)			193	179	144	110	88	80	107	67	51	53	78	115	145	122	153	184	218	255	241	273	308	338	335	308	271	304	294	281	248	212		
127-02-F_y																		70	26	16	28	60	95	126	126	163	200	234	245	222	247	274	292	267	258	220	246	222	194	157	121	128	118	83	48	29	36	
131-01-F_x	12.7306	15.8626	2.2710	16.2032	0.0428	0.0428	1.1709	4.3069	0.2658		(199, 70)	(135, 118)	(161, 176)	(225, 178)	(255, 124)			199	187	158	129	110	109	135	108	86	82	100	130	161	142	164	196	228	245	225	244	274	300	305	294	255	288	290	272	246	218		
131-01-F_y																		70	43	34	45	69	98	118	116	144	174	200	211	176	218	249	250	242	211	178	206	211	192	161	130	124	107	79	54	39	40	
131-02-F_x	18.3673	20.4148	2.7861	24.3867	0.0550	0.0550	1.4649	6.7415	0.2764		(189, 66)	(113, 126)	(151, 190)	(227, 186)	(257, 126)			189	172	138	104	80	79	113	80	59	63	87	123	151	136	149	186	223	249	227	254	287	312	311	291	257	288	297	285	250	217		
131-02-F_y																		66	38	28	38	65	99	126	132	164	199	225	226	190	224	260	276	267	232	186	226	223	194	161	131	126	109	76	42	25	32	
141-01-F_x	19.6931	17.9910	2.8089	24.7872	0.0527	0.0527	1.4362	6.4800	0.2614		(173, 68)	(113, 116)	(147, 206)	(233, 198)	(247, 108)			173	177	139	100	72	72	113	64	48	51	75	114	147	127	160	197	234	257	233	272	310	327	318	293	245	289	278	246	208	170		
141-01-F_y																		68	34	23	24	60	99	116	120	151	190	229	241	206	247	281	287	276	239	198	227	205	167	129	94	108	87	48	17	11	33	
141-02-F_x	22.6631	19.2235	3.0130	28.5204	0.0674	0.0674	1.5334	7.3868	0.2590		(191, 86)	(125, 134)	(149, 208)	(229, 204)	(251, 132)			191	193	157	120	89	87	125	81	64	70	99	135	149	137	165	203	240	249	229	256	281	312	310	284	251	282	284	251	213	178		
141-02-F_y																		86	55	39	46	75	113	134	132	168	204	232	242	208	241	276	286	262	231	204	222	222	191	154	119	132	113	73	42	39	53	
143-01-F_x	26.7978	20.7344	3.2417	33.0138	0.0689	0.0689	1.5797	7.8392	0.2375		(195, 72)	(123, 116)	(153, 198)	(233, 196)	(263, 124)			195	202	163	123	85	77	123	70	52	52	80	126	153	127	150	189	227	261	233	260	296	323	324	315	263	309	306	274	232	192		
143-01-F_y																		72	32	6	12	46	89	116	100	146	187	233	245	198	232	271	288	278	242	196	237	232	196	159	122	124	97	55	19	9	29	
143-02-F_x	25.0071	20.4568	3.1780	31.7298	0.0656	0.0656	1.6024	8.0662	0.2542		(185, 66)	(117, 120)	(139, 200)	(225, 206)	(255, 126)			185	177	136	95	72	73	117	81	47	42	60	101	139	111	131	167	204	240	225	257	296	321	321	297	255	294	290	269	228	186		
143-02-F_y																		66	28	17	30	70	109	120	108	137	178	218	237	200	231	269	293	287	259	206	245	228	187	146	111	126	108	66	25	10	24	
145-02-F_x	24.0255	23.1088	3.1500	31.1715	0.0750	0.0750	1.7239	9.3360	0.2995		(183, 64)	(127, 112)	(139, 188)	(227, 190)	(243, 114)			183	180	153	123	99	98	127	97	69	59	79	108	139	121	142	179	216	240	227	252	280	304	304	284	243	276	275	258	228	197		
145-02-F_y																		64	36	22	37	59	90	112	108	133	166	196	215	188	222	257	272	264	229	190	208	198	174	145	117	114	93	63	34	22	33	
145-03-F_x	18.8354	20.7236	2.8176	24.9415	0.0559	0.0559	1.4448	6.5577	0.2629		(169, 58)	(113, 112)	(139, 186)	(225, 182)	(237, 104)			169	154	125	92	69	71	113	72	50	47	73	107	139	122	140	181	221	249	225	253	285	309	304	281	237	267	261	237	205	179		
145-03-F_y																		58	28	15	29	58	91	112	112	145	179	208	221	186	224	263	274	260	224	182	201	194	163	131	101	104	75	43	21	9	25	
147-01-F_x	25.6443	21.8423	3.1814	31.7971	0.0781	0.0781	1.7359	9.4664	0.2977		(183, 68)	(115, 116)	(141, 190)	(221, 192)	(245, 120)			183	182	150	116	86	84	115	80	58	64	90	125	141	129	143	178	213	237	221	241	271	292	294	280	245	274	276	252	221	189		
147-01-F_y																		68	37	22	34	61	95	116	116	149	185	216	222	190	218	253	267	258	228	192	218	207	179	148	117	120	106	74	43	24	35	
147-02-F_x	29.5782	24.6352	3.4388	37.1497	0.0811	0.0811	1.8432	10.6731	0.2873		(171, 64)	(97, 114)	(127, 198)	(213, 202)	(241, 118)			171	166	134	101	76	58	97	51	36	32	62	99	127	102	118	158	198	234	213	250	281	302	299	282	241	273	272	242	208	179		
147-02-F_y																		64	32	19	22	49	84	114	115	153	191	220	231	198	230	266	283	282	249	202	234	215	182	146	112	118	99	64	32	12	28	
153-01-F_x	29.5213	27.9143	3.4820	38.0892	0.0785	0.0785	1.8078	10.2675	0.2696		(195, 66)	(117, 118)	(151, 194)	(233, 198)	(271, 120)			195	193	159	119	85	82	117	80	52	46	71	111	151	130	144	185	226	254	233	257	297	328	335	317	271	305	309	286	248	211		
153-01-F_y																		66	29	12	18	44	84	118	111	141	181	219	232	194	232	273	286	281	244	198	235	230	199	159	120	120	96	58	24	10	27	
153-02-F_x	24.8609	26.7088	3.1617	31.4040	0.0696	0.0696	1.6609	8.6662	0.2760		(189, 66)	(121, 114)	(147, 192)	(229, 194)	(263, 118)			189	180	147	114	88	84	121	88	58	55	75	111	147	125	141	181	221	250	229	257	293	316	324	301	263	292	292	264	231	198		
153-02-F_y																		66	32	14	29	51	88	114	110	136	172	208	220	192	229	268	282	274	240	194	228	219	186	149	119	118	89	55	29	16	28	
155-02-F_x	31.9401	24.0891	3.5545	39.6929	0.0849	0.0849	1.8525	10.7816	0.2716		(185, 62)	(113, 118)	(143, 196)	(233, 196)	(257, 116)			185	183	148	109	76	73	113	65	48	50	78	115	143	124	150	188	226	256	233	264	298	323	320	294	257	293	297	269	229	189		
155-02-F_y																		62	28	10	18	49	88	118	119	156	193	221	233	196	236	273	284	272	239	196	224	210	175	138	104	116	98	58	22	12	21	
155-03-F_x	29.9153	24.1359	3.4580	37.5672	0.0774	0.0774	1.8543	10.8023	0.2875		(187, 66)	(107, 126)	(145, 202)	(231, 202)	(267, 124)			187	177	137	100	71	71	107	68	44	49	83	122	145	125	140	176	212	246	231	284	318	334	328	301	267	300	304	280	241	202		
155-03-F_y																		66	19	7	23	58	98	126	121	161	203	228	242	202	234	268	288	286	261	202	231	207	173	139	116	124	103	64	27	13	14	
157-01-F_x	22.8929	22.1263	3.1115	30.4143	0.0713	0.0713	1.7753	9.9008	0.3255		(191, 70)	(117, 114)	(145, 198)	(227, 196)	(261, 116)			191	182	154	124	97	85	117	84	66	61	81	113	145	137	152	184	216	242	227	252	286	314	314	297	261	287	286	268	238	208		
157-01-F_y																		70	40	30	34	59	92	114	105	140	176	207	217	198	227	259	267	258	232	196	219	210	187	153	120	116	103	73	45	34	36	
157-02-F_x	27.1331	25.4522	3.3815	35.9226	0.0777	0.0777	1.8212	10.4196	0.2901		(185, 58)	(113, 108)	(135, 194)	(223, 202)	(255, 118)			185	176	142	110	81	79	113	79	52	44	65	101	135	120	138	173	208	234	223	250	288	315	318	297	255	286	298	282	246	210		
157-02-F_y																		58	28	17	22	51	85	108	110	137	174	210	221	194	226	258	272	271	242	202	230	222	190	152	122	118	104	69	33	20	23	
160-02-F_x	23.5977	21.7856	3.0857	29.9122	0.0633	0.0633	1.7502	9.6231	0.3217		(191, 62)	(109, 114)	(135, 210)	(239, 210)	(265, 118)			191	186	148	108	87	67	109	68	54	53	69	103	135	107	146	188	231	270	239	263	303	316	318	305	265	300	300	272	245	208		
160-02-F_y																		62	24	15	35	72	102	114	100	139	180	220	242	210	242	277	285	268	243	210	239	218	179	140	106	118	104	72	35	12	24	
160-03-F_x	22.8619	21.1514	3.0119	28.4985	0.0611	0.0611	1.7301	9.4037	0.3300		(197, 72)	(117, 128)	(151, 218)	(249, 214)	(277, 128)			197	193	160	127	90	76	117	77	64	71	84	124	151	125	159	202	245	274	249	274	304	330	326	316	277	303	289	271	236	204		
160-03-F_y																		72	32	12	39	78	121	128	119	154	194	233	259	218	256	282	291	282	252	214	243	232	197	159	125	128	97	62	32	28	33	
161-01-F_x	17.8709	16.8781	2.7385	23.5603	0.0559	0.0559	1.4048	6.2001	0.2632		(191, 76)	(125, 116)	(149, 184)	(229, 180)	(255, 116)			191	187	156	122	94	93	125	90	66	63	83	119	149	131	168	205	242	261	229	233	276	311	318	290	255	278	290	270	236	202		
161-01-F_y																		76	35	29	40	65	99	116	104	138	174	208	222	184	227	250	251	236	202	180	218	216	188	145	104	116	112	83	54	37	38	
161-02-F_x	18.2384	17.0570	2.7341	23.4840	0.0505	0.0505	1.4127	6.2697	0.2670		(179, 76)	(107, 120)	(139, 198)	(229, 194)	(251, 122)			179	176	139	104	71	70	107	58	40	50	82	126	139	108	131	177	223	258	229	232	278	318	324	296	251	281	288	256	220	184		
161-02-F_y																		76	35	24	38	63	100	120	115	159	203	234	233	198	218	264	278	264	231	194	237	235	202	155	109	122	109	75	49	35	35	
163-01-F_x	21.2697	18.7966	2.8925	26.2849	0.0637	0.0637	1.6066	8.1086	0.3085		(181, 76)	(113, 116)	(141, 192)	(221, 190)	(251, 120)			181	190	157	123	93	80	113	72	54	55	78	113	141	118	137	172	207	240	221	247	280	302	302	289	251	277	278	256	226	196		
163-01-F_y																		76	33	28	32	58	90	116	102	137	172	202	219	192	213	248	261	259	231	190	227	207	176	142	110	120	104	74	44	29	32	
163-02-F_x	18.7050	17.2610	2.6968	22.8487	0.0538	0.0538	1.5279	7.3342	0.3210		(185, 76)	(107, 120)	(139, 196)	(225, 196)	(251, 118)			185	183	149	117	86	79	107	72	54	55	76	111	139	108	142	178	214	248	225	260	293	311	311	295	251	285	274	248	218	188		
163-02-F_y																		76	35	25	34	64	98	120	111	145	181	215	232	196	228	255	271	265	235	196	222	208	176	143	110	118	95	67	42	35	35	
164-01-F_x	20.1432	19.5730	2.8504	25.5252	0.0557	0.0557	1.4947	7.0187	0.2750		(187, 64)	(117, 120)	(145, 198)	(235, 196)	(261, 116)			187	182	150	115	86	79	117	74	55	63	86	124	145	130	151	192	232	257	235	260	297	324	324	307	261	296	286	268	237	203		
164-01-F_y																		64	30	12	27	57	94	120	118	156	194	227	232	198	234	272	285	267	230	196	224	217	186	149	112	116	97	63	32	19	24	
164-02-F_x	19.2023	18.7794	2.8166	24.9223	0.0570	0.0570	1.5147	7.2078	0.2892		(193, 66)	(119, 112)	(147, 182)	(231, 190)	(261, 120)			193	183	147	112	91	87	119	84	61	60	82	119	147	137	153	183	213	240	231	257	289	314	315	299	261	292	293	276	242	208		
164-02-F_y																		66	24	13	24	57	92	112	104	141	178	212	214	182	220	250	261	255	231	190	218	208	179	147	115	120	102	68	34	22	22	
165-02-F_x	22.1409	19.4230	2.9336	27.0361	0.0629	0.0629	1.5244	7.3001	0.2700		(175, 69)	(117, 119)	(139, 195)	(217, 195)	(237, 113)			175	168	137	103	82	78	117	74	51	53	69	105	139	117	145	181	216	243	217	251	281	300	304	284	237	275	271	255	224	193		
165-02-F_y																		69	25	20	35	63	97	119	112	147	183	216	230	195	240	269	276	267	235	195	222	207	175	143	112	113	97	66	38	22	26	
165-03-F_x	18.9758	18.1094	2.7418	23.6160	0.0608	0.0608	1.4500	6.6050	0.2797		(187, 77)	(127, 125)	(151, 195)	(219, 193)	(245, 125)			187	177	147	118	98	96	127	88	75	76	90	119	151	132	154	186	218	243	219	249	280	298	298	279	245	272	275	265	236	207		
165-03-F_y																		77	40	39	50	77	106	125	124	153	182	208	222	195	231	262	267	261	234	193	227	213	182	151	122	125	119	91	62	45	39	
176-01-F_x	22.2975	19.7235	2.9283	26.9385	0.0592	0.0592	1.5703	7.7463	0.2876		(193, 57)	(117, 107)	(147, 185)	(237, 185)	(263, 107)			193	190	152	114	83	77	117	71	51	57	83	121	147	124	150	187	225	256	237	264	302	323	328	307	263	298	299	270	231	192		
176-01-F_y																		57	21	2	14	44	83	107	105	143	178	214	221	185	216	255	269	257	223	185	214	208	170	132	96	107	89	50	15	5	13	
176-03-F_x	23.2218	19.5820	2.9989	28.2532	0.0589	0.0589	1.5286	7.3405	0.2598		(203, 65)	(125, 115)	(153, 195)	(241, 199)	(271, 121)			203	202	163	120	90	89	125	87	53	51	77	120	153	123	153	196	240	272	241	265	306	335	340	318	271	313	313	281	241	201		
176-03-F_y																		65	27	8	19	55	97	115	101	138	181	222	236	195	234	278	292	277	238	199	231	224	188	148	109	121	99	59	23	15	24	
178-01-F_x	17.5724	16.7208	2.6721	22.4314	0.0466	0.0466	1.2660	5.0354	0.2245		(189, 81)	(117, 127)	(149, 195)	(229, 195)	(255, 123)			189	183	146	105	71	69	117	64	42	50	80	122	149	120	142	187	232	264	229	252	295	330	328	297	255	293	299	276	237	198		
178-01-F_y																		81	25	24	31	62	103	127	118	161	204	235	237	195	231	274	287	274	237	195	239	230	192	147	106	123	121	83	45	23	23	
178-02-F_x	21.1663	18.3076	2.9498	27.3368	0.0564	0.0564	1.4177	6.3145	0.2310		(191, 85)	(123, 131)	(151, 205)	(233, 203)	(263, 129)			191	181	139	97	74	83	123	83	53	56	90	137	151	119	139	183	227	267	233	262	309	340	336	305	263	302	307	284	243	202		
178-02-F_y																		85	27	30	45	86	126	131	120	163	209	246	247	205	229	270	286	278	247	203	245	236	197	154	112	129	120	80	43	30	30	
194-01-F_x	24.5694	20.5771	3.1370	30.9151	0.0642	0.0642	1.6058	8.1010	0.2620		(197, 60)	(125, 110)	(157, 196)	(241, 198)	(271, 112)			197	186	168	124	92	91	125	87	59	61	89	133	157	124	142	187	235	270	241	265	310	337	337	311	271	306	309	274	231	203		
194-01-F_y																		60	25	8	13	50	92	110	99	137	182	212	229	196	220	267	288	276	233	198	227	216	175	129	91	112	89	46	17	14	22	
194-02-F_x	27.4812	20.8397	3.2974	34.1580	0.0708	0.0708	1.6971	9.0481	0.2649		(199, 62)	(125, 106)	(149, 196)	(245, 198)	(269, 114)			199	193	152	112	91	89	125	92	57	48	66	105	149	123	159	200	241	271	245	271	311	335	335	305	269	304	304	283	245	207		
194-02-F_y																		62	12	6	14	54	95	106	86	118	159	198	229	196	243	280	288	273	237	198	232	212	170	128	93	114	99	62	25	10	12	
206-02-F_x	15.6498	16.0179	2.4952	19.5594	0.0470	0.0470	1.3529	5.7503	0.2940		(203, 72)	(131, 118)	(159, 194)	(237, 192)	(267, 124)			203	195	164	133	107	98	131	83	70	77	104	140	159	132	156	191	226	255	237	250	283	312	317	308	267	295	297	274	245	214		
206-02-F_y																		72	35	30	35	62	93	118	121	156	191	221	228	194	219	251	265	257	227	192	225	222	192	157	122	124	109	77	47	27	33	
206-03-F_x	14.8989	16.6199	2.5040	19.6985	0.0438	0.0438	1.2963	5.2790	0.2680		(181, 66)	(119, 122)	(147, 198)	(229, 198)	(255, 116)			181	189	155	120	93	90	119	89	63	57	80	113	147	125	146	184	221	251	229	255	290	313	315	296	255	283	282	258	223	187		
206-03-F_y																		66	33	22	28	60	95	122	115	142	175	207	224	198	233	271	287	276	241	198	228	211	179	143	108	116	94	59	28	19	32	
211-01-F_x	21.7509	18.9285	2.8945	26.3215	0.0611	0.0611	1.5237	7.2934	0.2771		(191, 66)	(123, 116)	(149, 188)	(233, 188)	(259, 114)			191	190	153	117	86	84	123	86	62	71	97	135	149	123	144	181	221	252	233	251	290	318	318	296	259	297	292	271	232	193		
211-01-F_y																		66	31	13	26	63	102	116	96	138	181	216	224	188	212	247	268	260	223	188	217	209	174	136	97	114	105	67	33	18	25	
211-02-F_x	20.1530	18.5727	2.8479	25.4797	0.0617	0.0617	1.4967	7.0374	0.2762		(183, 76)	(117, 128)	(147, 202)	(227, 194)	(245, 122)			183	175	141	106	84	79	117	76	66	60	84	116	147	133	156	187	220	236	227	255	283	303	305	287	245	282	278	254	222	191		
211-02-F_y																		76	36	29	44	74	109	128	121	152	183	207	220	202	232	261	273	262	229	194	221	201	177	146	119	122	106	74	45	33	37	
213-01-F_x	19.6143	18.4435	2.7801	24.2807	0.0508	0.0508	1.4006	6.1632	0.2538		(189, 58)	(119, 114)	(143, 192)	(229, 194)	(253, 118)			189	186	144	102	73	74	119	76	45	42	64	107	143	113	137	180	224	255	229	255	296	324	321	297	253	295	306	288	245	204		
213-01-F_y																		58	14	10	24	63	104	114	98	139	182	211	228	192	227	270	289	277	235	194	229	220	186	145	106	118	119	78	35	11	13	
213-02-F_x	23.6230	20.0870	3.0806	29.8144	0.0654	0.0654	1.5349	7.4015	0.2483		(185, 60)	(121, 120)	(145, 188)	(229, 186)	(253, 114)			185	164	128	90	74	81	121	84	59	52	70	105	145	122	152	189	225	255	229	265	299	322	318	291	253	287	294	275	242	205		
213-02-F_y																		60	15	23	40	77	114	120	106	138	175	210	229	188	236	269	275	265	234	186	227	214	180	143	112	114	113	77	42	18	15	
214-03-F_x	23.3843	19.7146	3.1097	30.3805	0.0639	0.0639	1.6008	8.0509	0.2650		(189, 60)	(113, 112)	(151, 196)	(235, 190)	(259, 114)			189	191	152	111	76	70	113	75	50	48	74	115	151	131	164	200	235	262	235	256	297	329	330	306	259	295	292	263	227	188		
214-03-F_y																		60	22	22	17	50	91	112	106	143	184	221	235	196	240	267	268	254	221	190	224	214	183	142	102	114	98	59	21	8	21	
214-04-F_x	22.1413	19.4898	2.9943	28.1665	0.0609	0.0609	1.5528	7.5753	0.2689		(185, 60)	(115, 112)	(141, 190)	(223, 192)	(259, 116)			185	184	146	109	77	77	115	75	43	45	79	121	141	107	125	163	201	239	223	252	290	313	315	298	259	295	286	268	228	188		
214-04-F_y																		60	20	8	23	54	93	112	103	138	181	214	229	190	209	246	269	263	239	192	232	219	184	146	110	116	98	58	19	14	17	
218-01-F_x	18.7732	19.0591	3.0613	29.4416	0.0637	0.0637	1.5644	7.6884	0.2611		(193, 84)	(125, 118)	(151, 190)	(231, 190)	(269, 126)			193	193	158	126	98	97	125	99	65	54	79	113	151	140	158	186	214	232	231	266	308	333	325	299	269	298	298	276	242	207		
218-01-F_y																		84	44	50	49	75	111	118	100	130	171	199	228	190	223	251	258	245	217	190	216	210	176	133	121	126	108	81	47	43	48	
218-02-F_x	16.0061	17.3333	2.7825	24.3228	0.0513	0.0513	1.3798	5.9813	0.2459		(195, 64)	(119, 120)	(151, 198)	(233, 192)	(261, 118)			195	196	167	137	107	88	119	61	47	51	82	119	151	150	173	203	229	240	233	256	294	329	336	311	261	294	280	251	223	194		
218-02-F_y																		64	36	20	33	47	74	120	118	155	192	218	220	198	231	263	277	257	225	192	220	217	194	156	118	118	101	77	63	38	35	
227-05-F_x	20.3889	18.2520	2.8494	25.5061	0.0566	0.0566	1.4019	6.1741	0.2421		(187, 66)	(123, 120)	(151, 188)	(227, 192)	(251, 120)			187	188	154	116	85	84	123	79	57	61	89	126	151	117	130	170	210	246	227	260	297	320	314	287	251	289	289	265	227	186		
227-05-F_y																		66	30	16	27	61	99	120	116	155	193	223	227	188	215	256	280	277	244	192	228	211	175	138	106	120	111	69	32	15	21	
227-06-F_x	17.9667	17.0187	2.6517	22.0896	0.0496	0.0496	1.2871	5.2048	0.2356		(199, 56)	(133, 102)	(159, 178)	(237, 174)	(261, 102)			199	200	161	122	95	100	133	100	71	67	89	129	159	125	153	199	245	274	237	264	302	325	325	300	261	296	296	280	240	200		
227-06-F_y																		56	16	4	16	54	95	102	88	121	160	197	211	178	208	253	265	256	210	174	209	203	168	129	92	102	95	57	19	4	12	
228-01-F_x	33.9256	23.8796	3.7738	44.7412	0.0897	0.0897	1.7012	9.0924	0.2032		(181, 70)	(123, 124)	(145, 198)	(223, 196)	(241, 120)			181	177	126	77	59	73	123	81	51	46	78	124	145	115	136	181	226	254	223	248	292	316	312	281	242	287	301	278	229	182		
228-01-F_y																		70	24	11	31	81	129	124	110	151	198	237	248	198	227	271	295	282	237	196	230	222	183	140	101	121	117	69	26	9	23	
228-02-F_x	36.7975	24.9535	3.8587	46.7766	0.0938	0.0938	1.6360	8.4084	0.1798		(181, 78)	(121, 128)	(147, 198)	(225, 196)	(247, 124)			181	166	118	71	59	75	121	88	47	47	75	121	147	117	140	185	229	257	225	242	288	320	324	288	247	286	305	291	246	198		
228-02-F_y																		78	18	8	31	77	124	128	112	149	196	238	244	198	236	280	288	279	238	196	242	236	198	151	109	124	129	85	37	9	17	
229-01-F_x	20.3093	24.0202	2.9453	27.2519	0.0668	0.0668	1.5256	7.3118	0.2683		(187, 82)	(121, 132)	(149, 202)	(225, 200)	(249, 132)			187	179	148	114	93	91	121	93	72	72	88	119	149	139	154	188	220	240	225	247	278	297	299	281	249	276	277	262	232	201		
229-01-F_y																		82	51	37	46	69	103	132	132	155	185	216	226	202	233	267	276	263	236	200	227	221	192	161	133	132	115	84	57	45	46	
229-02-F_x	43.6415	30.8066	4.1919	55.2031	0.1378	0.1378	2.1742	14.8506	0.2690		(157, 72)	(103, 128)	(129, 192)	(201, 186)	(219, 120)			157	150	119	89	68	72	103	72	45	42	67	101	129	118	131	167	203	220	201	221	254	278	280	258	219	248	251	230	200	169		
229-02-F_y																		72	45	37	47	72	103	128	119	145	179	210	220	192	225	259	267	257	224	186	217	212	181	147	114	120	105	72	43	31	39	
233-03-F_x	22.3021	19.4738	2.9593	27.5128	0.0599	0.0599	1.5288	7.3425	0.2669		(185, 68)	(113, 116)	(145, 192)	(229, 192)	(255, 116)			185	184	145	107	79	75	113	79	54	51	74	111	145	118	146	186	224	254	229	246	282	313	323	308	257	299	295	263	224	189		
233-03-F_y																		68	19	13	27	55	94	116	108	142	179	214	225	192	229	265	279	261	229	192	224	224	196	159	122	116	90	51	20	9	19	
233-04-F_x	28.9278	22.5191	3.3229	34.6887	0.0754	0.0754	1.7498	9.6186	0.2773		(177, 70)	(103, 120)	(135, 198)	(221, 198)	(249, 118)			177	181	150	109	74	68	103	62	37	43	69	110	135	111	137	179	221	249	221	244	284	309	315	293	249	283	278	245	207	171		
233-04-F_y																		70	34	14	24	54	95	120	113	153	194	232	242	198	240	277	288	273	237	198	228	224	188	149	111	118	96	56	28	15	34	
237-01-F_x	23.2149	18.9373	2.9722	27.7535	0.0614	0.0614	1.5165	7.2248	0.2603		(197, 66)	(129, 110)	(153, 190)	(241, 190)	(265, 114)			197	207	164	121	93	90	129	96	65	60	87	129	153	122	146	190	234	269	241	268	308	332	330	299	265	303	303	275	233	191		
237-01-F_y																		66	28	10	22	61	105	110	87	125	169	212	227	190	219	260	281	269	228	190	225	204	169	128	91	114	102	61	24	15	23	
237-02-F_x	24.2973	19.6914	3.0902	29.9994	0.0635	0.0635	1.5870	7.9119	0.2637		(191, 66)	(121, 124)	(151, 204)	(235, 202)	(261, 126)			191	192	147	104	77	81	121	83	58	62	86	125	151	122	141	180	220	255	235	272	312	329	321	293	261	296	303	282	239	196		
237-02-F_y																		66	23	9	30	72	118	124	110	147	188	225	242	204	229	268	294	289	257	202	241	214	179	138	106	126	117	77	35	16	20	
241-01-F_x	21.2210	19.4588	2.8069	24.7514	0.0581	0.0581	1.5476	7.5247	0.3040		(189, 66)	(125, 114)	(147, 196)	(235, 198)	(257, 114)			189	192	161	126	95	88	125	86	64	62	79	112	147	139	161	196	231	249	235	272	307	322	314	299	257	290	286	253	218	186		
241-01-F_y																		66	34	22	29	56	91	114	105	138	175	211	234	196	241	271	278	268	235	198	220	204	168	133	99	114	86	51	29	17	33	
241-02-F_x	16.2840	17.1441	2.5094	19.7833	0.0496	0.0496	1.3707	5.9026	0.2984		(185, 68)	(125, 110)	(151, 192)	(231, 188)	(251, 110)			185	181	150	121	95	90	125	86	78	75	96	130	151	139	156	189	222	243	231	255	286	297	302	296	251	285	273	254	224	194		
241-02-F_y																		68	28	20	35	62	92	110	113	147	181	209	224	192	222	251	260	257	226	188	220	205	173	141	109	110	88	63	40	26	28	
243-01-F_x	23.9440	20.1205	3.0971	30.1352	0.0635	0.0635	1.6073	8.1161	0.2693		(195, 64)	(115, 124)	(145, 200)	(227, 206)	(265, 122)			195	192	152	112	76	76	115	80	57	61	86	124	145	124	148	186	223	255	227	245	285	321	332	310	265	302	302	273	231	192		
243-01-F_y																		64	23	11	15	55	98	124	116	152	190	223	236	200	236	272	284	270	242	206	241	239	206	165	125	122	109	67	29	15	24	
243-02-F_x	20.9727	19.3790	2.9107	26.6166	0.0568	0.0568	1.5227	7.2842	0.2737		(185, 66)	(115, 114)	(149, 192)	(235, 192)	(263, 118)			185	190	150	110	84	81	115	80	56	61	80	119	149	120	141	182	223	255	235	260	297	321	326	308	263	300	294	269	233	197		
243-02-F_y																		66	12	9	21	50	90	114	104	139	178	214	229	192	224	265	283	278	239	192	225	213	182	149	112	118	89	53	26	17	12	
244-01-F_x	23.7209	19.9387	3.0539	29.2990	0.0660	0.0660	1.3895	6.0659	0.2070		(181, 76)	(127, 126)	(159, 186)	(227, 186)	(249, 122)			181	194	156	115	78	81	127	84	60	69	107	152	159	124	145	186	225	250	227	243	286	318	322	292	249	293	296	265	222	181		
244-01-F_y																		76	40	19	33	65	111	126	111	151	194	228	231	186	208	252	271	262	222	186	225	224	188	144	104	122	115	71	30	17	38	
244-03-F_x	22.0259	18.7946	2.8807	26.0706	0.0596	0.0596	1.4756	6.8400	0.2624		(197, 78)	(125, 126)	(149, 204)	(227, 202)	(259, 134)			197	197	154	112	89	86	125	93	63	60	74	106	149	122	155	189	224	265	227	226	274	306	320	313	259	305	302	281	249	216		
244-03-F_y																		78	19	16	37	77	120	126	107	135	174	210	235	204	246	270	279	268	238	202	254	241	210	173	134	134	117	84	55	32	28	
247-01-F_x	17.8350	19.0599	2.7719	24.1390	0.0539	0.0539	1.3551	5.7692	0.2390		(195, 60)	(129, 106)	(155, 182)	(231, 184)	(259, 112)			195	198	161	122	98	95	129	96	84	72	89	124	155	133	154	191	231	255	231	250	287	317	307	299	259	293	295	271	236	199		
247-01-F_y																		60	23	5	15	44	83	106	101	131	163	198	210	182	214	250	270	253	218	184	208	209	179	146	110	112	94	56	23	13	22	
247-02-F_x	16.1885	17.7000	2.6071	21.3530	0.0500	0.0500	1.3209	5.4817	0.2567		(183, 60)	(119, 112)	(147, 184)	(225, 178)	(249, 110)			183	183	151	117	93	87	119	90	69	61	83	118	147	125	153	187	221	247	225	254	281	306	308	295	270	284	273	243	211	184		
247-02-F_y																		60	25	18	28	58	92	112	106	135	171	204	216	184	217	246	269	256	221	178	207	189	171	142	115	100	72	41	22	18	27	
250-01-F_x	14.7927	15.9705	2.4781	19.2921	0.0431	0.0431	1.2755	5.1114	0.2649		(183, 72)	(113, 118)	(141, 194)	(223, 196)	(251, 124)			183	185	149	113	84	79	113	69	48	47	72	107	141	116	143	176	208	238	223	250	283	310	310	295	251	285	281	261	229	197		
250-01-F_y																		72	39	22	27	57	93	118	121	156	191	222	230	194	234	263	273	269	244	196	229	222	193	160	127	124	103	71	41	28	36	
250-02-F_x	11.6637	14.1704	2.1995	15.1989	0.0426	0.0426	1.1365	4.0578	0.2670		(195, 82)	(139, 122)	(161, 182)	(229, 184)	(249, 124)			195	192	163	138	115	112	139	107	89	87	106	134	161	143	165	191	217	241	229	252	278	298	297	285	249	277	273	257	232	206		
250-02-F_y																		82	56	45	50	74	103	122	124	151	179	204	212	182	214	237	244	240	221	184	210	203	179	153	127	124	108	82	58	50	55	
253-01-F_x	16.9669	16.5847	2.6221	21.5992	0.0483	0.0483	1.4501	6.6064	0.3059		(181, 64)	(109, 114)	(133, 192)	(215, 192)	(257, 116)			181	182	143	101	81	71	109	78	58	43	54	88	133	99	131	162	194	247	215	227	265	298	312	305	257	293	279	253	218	183		
253-01-F_y																		64	26	17	27	67	106	114	92	122	159	196	221	192	231	247	268	264	230	192	235	220	200	169	131	116	91	56	24	21	24	
253-05-F_x	20.4527	18.2525	2.8629	25.7483	0.0605	0.0605	1.4997	7.0660	0.2744		(187, 64)	(121, 116)	(151, 190)	(231, 190)	(255, 112)			187	176	140	110	93	87	121	92	68	62	90	128	151	129	159	186	222	251	231	252	289	315	311	288	256	290	286	264	232	194		
253-05-F_y																		64	22	19	35	69	106	116	97	130	169	203	223	190	220	248	261	250	222	190	221	203	167	126	90	112	110	74	36	20	17	
269-01-F_x	31.3600	22.8563	3.4448	37.2793	0.0815	0.0815	1.8018	10.1988	0.2736		(183, 70)	(111, 114)	(135, 190)	(221, 198)	(255, 124)			183	180	143	106	80	76	111	74	51	40	63	103	135	99	120	163	207	249	221	256	294	316	313	297	255	289	294	277	242	206		
269-01-F_y																		70	22	16	32	64	102	114	102	134	173	211	226	190	221	264	288	288	253	198	243	226	194	155	119	124	117	81	45	20	19	
269-02-F_x	27.3173	21.8499	3.3260	34.7533	0.0718	0.0718	1.6797	8.8638	0.2551		(181, 64)	(107, 118)	(133, 200)	(219, 204)	(247, 122)			181	163	117	72	55	61	107	67	43	34	50	92	133	100	136	173	214	245	219	235	282	311	314	292	247	282	289	274	237	197		
269-02-F_y																		64	22	14	34	80	117	118	105	135	177	218	241	200	248	279	288	282	244	204	246	236	204	159	117	122	122	86	46	21	24	
270-01-F_x	28.6997	22.7936	3.4009	36.3367	0.0744	0.0744	1.7410	9.5227	0.2621		(185, 64)	(109, 120)	(147, 200)	(233, 202)	(257, 122)			185	190	156	116	81	67	109	66	42	44	83	127	147	117	142	186	230	263	233	264	311	327	327	295	257	293	299	270	228	190		
270-01-F_y																		64	23	6	20	55	98	120	115	154	196	237	244	200	234	275	279	271	236	202	238	223	182	136	97	122	108	66	29	13	21	
270-02-F_x	27.5243	22.3733	3.4044	36.4118	0.0753	0.0753	1.7100	9.1864	0.2523		(179, 68)	(115, 118)	(143, 200)	(231, 196)	(259, 118)			179	184	151	107	73	77	115	77	48	48	75	120	143	117	147	190	232	258	231	249	293	323	332	305	259	290	286	248	217	190		
270-02-F_y																		68	25	19	31	59	103	118	110	148	192	231	239	200	234	271	271	271	229	196	238	232	192	148	106	118	95	57	40	19	29	
271-01-F_x	25.8292	22.1349	3.2431	33.0420	0.0677	0.0677	1.6936	9.0112	0.2727		(185, 66)	(109, 122)	(139, 204)	(225, 208)	(263, 124)			185	173	129	88	68	67	109	81	50	36	56	97	139	122	156	193	231	259	225	223	272	316	319	312	263	299	299	273	235	195		
271-01-F_y																		66	13	11	33	75	119	122	91	124	168	212	234	204	248	285	296	268	234	208	253	245	217	171	126	124	103	63	25	18	13	
271-02-F_x	19.2155	18.2902	2.7990	24.6132	0.0525	0.0525	1.5720	7.7634	0.3154		(173, 62)	(91, 122)	(141, 200)	(225, 194)	(251, 114)			173	164	125	85	71	56	91	58	51	48	72	108	141	116	148	186	219	250	225	255	293	306	311	293	251	290	275	254	210	165		
271-02-F_y																		62	23	20	37	69	106	122	123	158	194	229	240	200	243	276	281	267	238	194	235	216	181	143	106	114	97	53	17	17	18	
278-01-F_x	10.5390	12.7180	2.0053	12.6331	0.0309	0.0309	1.0900	3.7323	0.2954		(167, 74)	(107, 120)	(137, 196)	(223, 188)	(229, 112)			167	177	154	117	83	74	107	72	56	55	75	113	137	113	142	183	224	255	223	244	278	298	294	269	229	263	254	224	188	160		
278-01-F_y																		74	60	32	33	61	98	120	102	140	176	213	230	196	226	259	270	258	219	188	218	204	168	132	97	112	98	57	34	31	54	
278-02-F_x	11.4137	13.3726	2.0616	13.3530	0.0373	0.0373	1.1250	3.9763	0.2978		(183, 82)	(129, 120)	(149, 186)	(223, 184)	(243, 118)			183	176	148	123	104	95	129	113	83	76	85	115	149	133	165	200	235	250	223	239	269	293	295	280	243	273	267	245	219	193		
278-02-F_y																		82	46	42	53	76	118	120	86	119	152	185	206	186	224	250	252	238	203	184	208	202	172	142	112	118	100	74	51	42	47	
279-02-F_x	20.1961	23.3979	2.8558	25.6215	0.0645	0.0645	1.6516	8.5697	0.3345		(183, 76)	(113, 126)	(147, 200)	(221, 202)	(251, 126)			183	177	148	118	92	86	113	85	65	70	82	112	147	130	146	180	213	241	221	246	273	289	297	283	251	276	276	251	223	194		
279-02-F_y																		76	48	37	51	72	103	126	126	152	183	212	226	200	230	261	271	269	240	202	221	212	187	159	133	126	105	75	54	35	46	
279-03-F_x	21.5354	21.6246	2.9354	27.0699	0.0666	0.0666	1.6673	8.7332	0.3226		(191, 66)	(121, 114)	(151, 194)	(231, 192)	(259, 118)			191	186	156	126	100	94	121	91	69	68	86	119	151	139	161	193	226	251	231	248	281	305	312	295	259	284	282	255	226	198		
279-03-F_y																		66	39	30	33	56	86	114	109	140	173	206	224	194	224	254	261	253	222	192	216	212	188	156	124	118	94	63	41	25	35	
291-01-F_x	28.9451	21.8260	3.4149	36.6355	0.0766	0.0766	1.7730	9.8755	0.2696		(187, 66)	(119, 116)	(153, 196)	(243, 200)	(261, 114)			187	189	150	108	86	78	119	84	61	54	80	111	153	129	159	198	237	270	243	276	316	334	329	298	261	298	303	277	234	192		
291-01-F_y																		66	28	9	20	58	101	116	103	135	175	208	236	196	245	282	284	275	242	200	234	213	173	133	99	114	113	73	38	21	26	
291-03-F_x	15.9554	16.7786	2.4919	19.5073	0.0503	0.0503	1.3939	6.1038	0.3129		(171, 66)	(107, 120)	(123, 182)	(201, 192)	(225, 122)			171	165	132	99	71	71	107	72	58	55	64	92	123	102	126	157	188	216	201	215	250	271	274	256	225	252	264	249	217	183		
291-03-F_y																		66	37	30	39	65	98	120	106	134	162	190	211	182	220	250	258	253	227	192	223	214	182	148	116	122	118	89	55	35	31	
294-01-F_x	21.2256	18.6190	2.8532	25.5752	0.0571	0.0571	1.4504	6.6090	0.2584		(185, 74)	(121, 124)	(145, 202)	(223, 204)	(249, 126)			185	189	152	112	85	83	121	85	55	51	70	110	145	115	145	182	219	244	223	254	296	318	316	290	249	289	290	264	227	188		
294-01-F_y																		74	34	25	37	70	111	124	112	144	184	222	241	202	242	276	286	277	246	204	243	228	190	148	108	126	115	75	41	25	29	
294-02-F_x	21.2317	19.2057	2.9050	26.5129	0.0628	0.0628	1.4478	6.5850	0.2484		(191, 76)	(127, 126)	(155, 196)	(229, 194)	(253, 124)			191	184	149	113	93	89	127	107	70	67	94	136	155	121	167	198	230	258	229	263	298	315	314	302	253	293	287	260	226	193		
294-02-F_y																		76	44	34	43	78	114	126	126	145	188	223	243	196	226	262	269	260	231	194	228	212	182	149	115	124	101	66	39	30	40	
296-01-F_x	23.5993	20.0961	3.0501	29.2263	0.0691	0.0691	1.6187	8.2320	0.2817		(183, 72)	(115, 116)	(147, 184)	(225, 186)	(251, 118)			183	194	160	127	97	85	115	72	57	61	84	118	147	122	128	166	205	243	225	258	291	311	312	294	251	280	268	242	209	176		
296-01-F_y																		72	36	15	23	48	84	116	107	140	177	214	215	184	205	239	265	261	232	186	225	205	176	143	112	118	90	56	30	21	31	
296-02-F_x	26.4146	21.8587	3.1960	32.0897	0.0739	0.0739	1.6634	8.6929	0.2709		(179, 64)	(111, 118)	(143, 190)	(221, 192)	(247, 118)			179	161	128	95	72	70	111	65	46	48	70	109	143	110	127	166	205	238	221	247	280	300	302	293	247	288	283	257	224	191		
296-02-F_y																		64	22	17	38	68	101	118	106	142	180	213	221	190	218	255	268	265	236	192	219	209	181	148	115	118	99	66	34	24	21	
310-01-F_x	25.5078	21.8281	3.2038	32.2461	0.0724	0.0724	1.5773	7.8158	0.2424		(189, 74)	(123, 116)	(143, 196)	(231, 194)	(249, 120)			189	182	144	112	88	89	123	88	60	56	71	109	143	124	148	189	230	256	231	260	297	318	319	294	249	285	283	262	229	196		
310-01-F_y																		74	39	24	32	64	102	116	105	133	171	209	226	196	234	273	280	271	233	194	229	215	180	143	109	120	100	67	39	26	39	
310-02-F_x	22.3719	19.5787	2.9832	27.9594	0.0646	0.0646	1.5591	7.6365	0.2731		(183, 76)	(111, 112)	(133, 188)	(217, 190)	(247, 122)			183	175	143	113	86	77	111	68	46	47	71	110	133	111	136	164	199	234	217	245	281	303	308	286	247	279	277	254	224	193		
310-02-F_y																		76	32	23	29	52	84	112	98	136	175	211	226	188	225	257	268	266	238	190	229	214	179	143	110	122	98	67	40	29	33	
229-02-F_x	12.1537	16.0515	2.2212	15.4998	0.0385	0.0385	1.1486	4.1446	0.2674		(157, 76)	(105, 126)	(127, 194)	(203, 190)	(221, 120)			157	150	120	88	67	75	105	76	46	41	63	97	127	117	131	166	201	221	203	224	256	278	280	259	221	248	250	229	199	165		
229-02-F_y																		76	47	37	47	76	109	126	119	141	175	206	220	194	226	259	267	259	227	190	218	212	180	147	115	120	103	70	42	31	42	
250-01-F_x	12.6017	14.8787	2.2875	16.4393	0.0367	0.0367	1.1989	4.5159	0.2747		(182, 71)	(110, 119)	(140, 193)	(224, 197)	(250, 123)			182	183	146	110	83	79	110	74	48	48	80	114	140	122	133	170	204	238	224	250	283	308	309	298	250	285	281	260	228	196		
250-01-F_y																		71	37	22	28	61	98	119	117	155	194	225	223	193	224	256	273	273	244	197	229	222	195	164	131	123	102	70	40	28	37	
250-02-F_x	10.6277	13.5427	2.1148	14.0510	0.0391	0.0391	1.0789	3.6572	0.2603		(194, 84)	(138, 124)	(164, 182)	(226, 184)	(248, 124)			194	193	163	136	115	112	138	112	90	87	104	132	164	143	166	192	218	241	226	250	277	298	297	285	248	277	274	258	233	207		
250-02-F_y																		84	57	45	51	77	107	124	121	147	176	201	212	182	215	237	244	240	220	184	210	204	180	153	126	124	109	83	59	50	54	
310-01-F_x	18.4956	18.5699	2.7263	23.3506	0.0524	0.0524	1.4239	6.3692	0.2728		(190, 69)	(124, 117)	(142, 197)	(232, 197)	(250, 123)			190	179	142	110	87	89	124	89	60	55	69	106	142	124	145	184	223	254	232	260	295	318	321	301	250	286	282	260	230	198		
310-01-F_y																		69	36	23	32	65	102	117	104	132	170	206	225	197	233	271	282	274	242	197	229	218	184	149	114	123	96	64	39	26	37	
005-02-F_x	32.8564	27.3823	3.6876	42.7216	0.0892	0.0892	1.8979	11.3156	0.2649		(193, 60)	(119, 102)	(141, 186)	(229, 194)	(265, 112)			193	195	158	120	91	86	119	84	53	44	62	100	141	122	142	178	217	245	229	261	301	329	332	306	265	298	299	269	232	196		
005-02-F_y																		60	25	9	10	37	75	102	93	122	160	197	215	186	223	263	280	271	238	194	227	218	183	143	108	112	84	46	17	9	22	
005-03-F_x	36.9457	29.7123	3.8763	47.2055	0.0979	0.0979	2.0394	13.0664	0.2768		(197, 63)	(125, 111)	(153, 199)	(245, 201)	(273, 113)			197	196	160	123	94	91	125	89	59	51	71	110	153	137	154	193	231	259	245	281	320	342	340	313	273	305	302	273	235	199																																																																																																																																																																																																																																																																																																																																																								
005-03-F_y																		63	29	12	13	44	81	111	104	135	174	213	229	199	235	272	291	282	245	201	227	214	176	137	105	113	86	47	18	8	24																																																																																																																																																																																																																																																																																																																																																																																																																																																																																																																																																																																																																																																																																																																																																																																																																																																																																																																																																																																																																																																																																																																																																																				
010-01-F_x	25.7678	25.4273	3.2747	33.6901	0.0682	0.0682	1.6163	8.2076	0.2436		(195, 67)	(123, 131)	(147, 205)	(227, 203)	(263, 131)			195	179	135	95	74	77	123	85	54	48	75	116	147	131	157	196	233	253	227	257	295	328	338	311	263	299	311	286	245	204		
010-01-F_y																		67	25	13	23	62	106	131	121	156	197	234	245	205	243	283	293	277	246	203	240	242	208	167	129	131	110	73	37	17	20	
010-02-F_x	26.7866	26.1414	3.3548	35.3582	0.0717	0.0717	1.6241	8.2869	0.2344		(185, 67)	(113, 127)	(143, 201)	(225, 203)	(255, 127)			185	182	142	98	67	72	113	72	42	42	71	112	143	122	142	179	217	248	225	249	291	322	328	300	255	291	294	266	226	188		
010-02-F_y																		67	26	15	23	57	100	127	123	155	192	230	241	201	240	281	298	280	249	203	241	232	199	157	117	127	102	62	27	16	22	
017-01-F_x	33.9525	24.7213	3.6287	41.3662	0.0877	0.0877	1.7011	9.0905	0.2198		(179, 71)	(113, 123)	(137, 187)	(221, 189)	(247, 119)			179	169	131	93	63	69	113	70	41	43	68	105	137	106	140	185	230	251	221	240	280	316	320	295	248	287	293	259	217	179		
017-01-F_y																		71	24	12	35	64	102	123	118	152	190	224	229	187	236	276	284	269	228	189	227	232	195	151	111	119	101	59	24	7	18	
017-02-F_x	42.7614	28.2439	4.1659	54.5203	0.1159	0.1159	1.9466	11.9044	0.2183		(163, 65)	(99, 121)	(125, 187)	(207, 187)	(227, 121)			163	160	126	87	56	55	99	55	28	23	52	91	125	92	122	164	207	233	207	227	265	294	293	272	233	269	271	243	204	172		
017-02-F_y																		65	25	11	23	58	97	121	118	154	193	228	232	187	234	270	284	272	232	187	226	219	190	154	117	123	104	64	24	8	24	
018-03-F_x	23.4611	21.3734	3.0639	29.4921	0.0665	0.0665	1.6594	8.6508	0.2933		(189, 57)	(121, 107)	(153, 187)	(241, 187)	(261, 109)			189	185	150	111	87	81	121	76	60	59	82	117	153	130	154	190	228	263	241	269	299	317	315	295	261	295	287	274	236	198		
018-03-F_y																		57	21	13	15	49	88	107	102	137	172	206	217	187	222	252	266	261	229	187	207	197	166	134	104	109	100	62	25	14	18	
018-04-F_x	22.4489	19.2207	2.9943	28.1677	0.0597	0.0597	1.6247	8.2925	0.2944		(203, 55)	(125, 105)	(153, 193)	(249, 195)	(275, 107)			203	200	167	129	101	90	125	81	63	59	80	115	153	130	162	198	234	270	249	286	322	341	333	314	275	312	310	291	250	210		
018-04-F_y																		55	22	11	9	39	77	105	101	134	169	204	223	193	230	265	278	271	239	195	227	205	168	131	104	107	96	63	22	7	15	
023-03-F_x	22.1593	20.1609	2.9820	27.9352	0.0624	0.0624	1.5808	7.8505	0.2810		(187, 67)	(119, 109)	(143, 187)	(235, 191)	(257, 111)			187	190	152	114	88	85	119	85	56	54	74	110	143	124	147	186	225	256	235	259	297	322	323	300	257	288	285	258	223	188		
023-03-F_y																		67	37	13	20	54	91	109	97	131	167	199	212	187	223	262	276	266	230	191	221	210	177	139	103	111	91	56	25	23	35	
023-04-F_x	25.1515	21.4291	3.1891	31.9519	0.0693	0.0693	1.6733	8.7962	0.2753		(185, 63)	(113, 111)	(145, 199)	(231, 195)	(253, 113)			185	183	146	108	79	77	113	79	52	48	70	107	145	124	155	195	234	254	231	259	295	319	317	292	254	289	290	266	231	193		
023-04-F_y																		63	28	15	21	52	90	111	102	133	170	204	228	199	236	274	282	266	227	195	223	205	174	137	104	113	99	61	27	13	24	
024-01-F_x	21.2206	19.0920	2.8275	25.1159	0.0554	0.0554	1.5464	7.5123	0.2991		(205, 71)	(127, 121)	(159, 205)	(245, 205)	(275, 121)			205	212	172	137	98	83	127	81	65	74	111	136	159	157	166	204	243	270	245	268	310	336	328	313	275	309	302	268	225	187		
024-01-F_y																		71	34	14	27	54	96	121	126	168	210	243	248	205	249	265	287	273	243	205	238	225	186	145	109	121	102	59	23	15	33	
024-04-F_x	18.5752	17.3597	2.7344	23.4900	0.0508	0.0508	1.4284	6.4101	0.2729		(185, 71)	(111, 127)	(151, 213)	(233, 201)	(255, 121)			185	193	150	108	73	78	111	73	49	60	103	125	151	162	150	191	232	259	233	262	297	320	320	293	255	278	293	269	224	179		
024-04-F_y																		71	33	19	32	72	116	127	120	166	217	246	247	213	248	265	272	267	236	201	231	221	180	138	119	121	100	84	40	22	30	
031-01-F_x	22.3563	25.1687	3.0833	29.8664	0.0628	0.0628	1.5579	7.6248	0.2553		(203, 65)	(129, 115)	(155, 195)	(243, 199)	(265, 121)			203	197	166	130	99	97	129	93	61	59	80	119	155	137	153	194	235	263	243	277	315	340	333	305	265	288	299	279	244	210		
031-01-F_y																		65	30	11	17	45	83	115	107	140	179	212	229	195	233	271	290	279	243	199	223	217	181	143	111	121	92	57	31	18	25	
031-02-F_x	22.4281	25.3725	3.0880	29.9579	0.0638	0.0638	1.5490	7.5384	0.2516		(203, 63)	(131, 111)	(163, 195)	(247, 191)	(267, 113)			203	191	159	125	100	98	131	94	67	71	89	129	163	147	165	205	245	273	247	283	322	345	343	312	267	294	295	274	243	214		
031-02-F_y																		63	32	16	16	43	77	111	112	147	187	216	236	195	232	269	283	273	237	191	219	207	175	136	102	113	88	53	25	8	27	
036-01-F_x	24.0509	20.2148	3.1156	30.4945	0.0649	0.0649	1.6767	8.8321	0.2896		(189, 59)	(123, 127)	(151, 203)	(235, 203)	(257, 117)			189	182	141	102	75	79	123	85	58	61	85	126	151	134	144	182	220	253	235	260	296	317	319	294	257	296	303	279	237	197		
036-01-F_y																		59	20	14	35	70	111	127	120	155	195	235	246	203	240	271	284	274	247	203	234	216	182	146	111	117	110	68	26	10	20	
036-02-F_x	19.6965	19.6973	2.8260	25.0898	0.0632	0.0632	1.5982	8.0247	0.3198		(193, 73)	(123, 117)	(153, 197)	(227, 195)	(257, 123)			193	186	155	123	102	95	123	95	75	74	91	122	153	134	156	188	220	241	227	252	281	302	302	291	257	284	291	274	243	212		
036-02-F_y																		73	44	33	45	72	103	117	117	147	178	208	225	197	226	258	266	259	228	195	212	200	175	147	118	123	113	83	56	39	38	
042-01-F_x	31.8722	26.6972	3.5627	39.8753	0.0870	0.0870	1.7906	10.0724	0.2526		(183, 69)	(117, 121)	(145, 199)	(225, 199)	(247, 123)			183	173	137	100	76	80	117	80	53	50	79	119	145	125	142	183	224	250	225	246	286	314	317	292	247	280	289	266	230	194		
042-01-F_y																		69	21	12	31	62	99	121	119	149	189	226	237	199	233	272	285	276	239	199	229	228	195	155	117	123	104	68	40	16	18	
042-02-F_x	20.8730	21.8180	2.8749	25.9648	0.0539	0.0539	1.5108	7.1710	0.2762		(185, 64)	(115, 124)	(137, 208)	(221, 208)	(253, 128)			185	182	150	110	77	75	115	77	43	43	66	107	137	113	135	173	212	242	221	244	286	316	325	299	253	292	303	282	240	198		
042-02-F_y																		64	29	5	14	53	92	124	116	147	188	228	245	208	244	276	294	281	250	208	245	244	208	167	129	128	113	73	33	13	21	
045-01-F_x	26.3110	26.9392	3.3138	34.4987	0.0747	0.0747	1.6451	8.5019	0.2464		(201, 68)	(131, 120)	(159, 194)	(237, 194)	(269, 120)			201	193	159	121	91	92	131	97	66	59	81	118	159	148	162	202	240	256	237	266	301	327	331	307	269	302	307	277	240	208		
045-01-F_y																		68	32	7	26	55	94	120	117	141	178	212	227	194	231	270	286	271	235	194	221	219	188	153	124	120	98	61	24	15	30	
045-03-F_x	16.5870	22.4831	2.6180	21.5323	0.0505	0.0505	1.3254	5.5190	0.2563		(203, 70)	(135, 114)	(157, 188)	(235, 192)	(259, 126)			203	196	173	138	107	101	135	102	71	69	86	122	157	140	154	189	226	255	235	264	296	317	317	292	259	290	300	280	246	215		
045-03-F_y																		70	39	15	22	49	84	114	112	136	172	207	221	188	222	257	271	267	234	192	218	211	182	150	125	126	107	73	43	27	36	
050-03-F_x	23.5035	20.7413	3.1547	31.2655	0.0673	0.0673	1.7306	9.4089	0.3009		(191, 58)	(125, 112)	(147, 198)	(243, 200)	(263, 114)			191	183	147	111	101	88	125	91	64	62	76	112	147	122	154	191	230	259	243	274	308	319	316	304	263	298	284	266	228	197		
050-03-F_y																		58	23	13	29	67	106	112	91	128	168	206	231	198	235	269	283	270	239	200	219	201	167	133	99	114	90	55	25	17	19	
050-04-F_x	23.7999	21.4330	3.0739	29.6853	0.0665	0.0665	1.7499	9.6205	0.3241		(177, 62)	(107, 118)	(133, 204)	(231, 204)	(255, 114)			177	176	145	109	89	69	107	60	47	53	76	112	133	118	142	179	216	242	231	266	302	309	308	285	255	287	277	258	223	187		
050-04-F_y																		62	29	19	26	58	93	118	114	150	186	212	234	204	230	268	284	276	244	204	219	202	164	126	93	114	105	71	39	21	25	
053-01-F_x	23.1347	20.2807	3.0979	30.1505	0.0692	0.0692	1.6478	8.5297	0.2829		(179, 60)	(117, 110)	(135, 192)	(219, 188)	(241, 108)			179	178	140	103	83	80	117	83	63	55	66	100	135	120	147	183	220	243	219	237	273	297	298	278	241	273	274	253	219	184		
053-01-F_y																		60	23	15	26	60	96	110	95	123	158	193	216	192	226	261	270	256	220	188	215	207	173	138	106	108	92	57	27	15	21	
053-02-F_x	26.6724	22.1010	3.4100	36.5297	0.0816	0.0816	1.8971	11.3066	0.3095		(187, 62)	(127, 118)	(151, 202)	(235, 204)	(247, 118)			187	180	143	107	87	92	127	96	74	73	84	117	151	130	152	187	223	253	235	265	296	309	300	282	247	275	282	262	232	199		
053-02-F_y																		62	28	16	34	69	107	118	110	143	172	206	228	202	235	267	282	273	241	204	222	200	168	134	103	118	100	67	38	21	24	
055-01-F_x	28.0833	23.5755	3.3594	35.4539	0.0717	0.0717	1.7226	9.3224	0.2629		(193, 68)	(113, 112)	(143, 198)	(233, 196)	(265, 118)			193	204	168	125	86	75	113	72	45	36	66	110	143	115	142	185	228	260	233	259	305	329	336	314	265	301	302	273	237	200		
055-01-F_y																		68	27	4	12	37	79	112	105	139	177	215	241	198	237	269	292	273	241	196	235	232	195	150	108	118	100	61	29	11	24	
055-02-F_x	25.3586	22.0941	3.1787	31.7434	0.0662	0.0662	1.6717	8.7791	0.2766		(193, 72)	(115, 112)	(145, 198)	(233, 198)	(265, 114)			193	203	164	123	86	77	115	76	50	50	70	111	145	117	145	187	227	261	233	263	301	327	330	316	265	302	288	254	216	180		
055-02-F_y																		72	31	7	12	41	83	112	107	138	180	221	237	198	235	266	289	270	239	198	234	221	188	150	111	114	85	46	15	11	30	
056-01-F_x	16.7873	16.6612	2.5835	20.9683	0.0443	0.0443	1.3263	5.5262	0.2635		(195, 70)	(121, 116)	(151, 190)	(237, 192)	(269, 118)			195	197	163	122	92	82	121	83	53	55	82	119	151	122	151	196	241	273	237	254	295	333	337	316	269	305	293	263	223	189		
056-01-F_y																		70	30	15	19	49	90	116	111	147	188	220	229	190	230	263	286	262	228	192	233	233	197	155	113	118	99	59	18	10	28	
056-05-F_x	23.0499	20.9626	3.0478	29.1834	0.0611	0.0611	1.5867	7.9092	0.2710		(182, 73)	(110, 127)	(142, 201)	(226, 199)	(260, 117)			182	164	125	86	66	68	110	71	47	50	77	109	142	116	146	187	228	255	226	243	286	322	327	304	260	297	293	271	0	194		
056-05-F_y																		73	23	18	37	75	114	127	131	162	198	223	237	201	246	284	288	273	233	199	236	227	204	160	119	117	101	61	26	0	23	
057-01-F_x	23.2087	19.2058	3.0677	29.5641	0.0671	0.0671	1.4806	6.8867	0.2329		(190, 71)	(128, 117)	(154, 189)	(228, 191)	(254, 119)			190	185	162	124	91	90	128	83	63	68	88	122	154	129	159	195	231	253	228	247	286	313	315	288	254	290	292	265	224	194		
057-01-F_y																		71	36	18	21	53	91	117	115	149	183	216	229	189	232	261	275	259	223	191	222	211	174	136	99	119	104	62	27	17	33	
057-02-F_x	25.3297	20.4133	3.1865	31.8984	0.0674	0.0674	1.5620	7.6651	0.2403		(192, 61)	(124, 115)	(146, 191)	(232, 191)	(256, 111)			192	193	150	106	77	85	124	87	57	57	79	120	146	125	139	178	217	252	232	262	301	321	324	296	256	297	296	269	224	180		
057-02-F_y																		61	22	4	20	55	98	115	105	140	181	218	228	191	225	262	284	274	244	191	232	218	179	140	102	111	102	57	16	9	19	
062-01-F_x	12.5868	14.1565	2.1815	14.9505	0.0389	0.0389	1.1436	4.1085	0.2748		(199, 73)	(139, 115)	(165, 181)	(235, 183)	(259, 117)			199	194	162	131	110	111	139	105	80	81	104	136	165	145	154	190	226	258	235	263	295	313	313	290	259	287	290	268	237	206		
062-01-F_y																		73	32	28	40	70	99	115	99	131	168	203	209	181	210	237	253	250	221	183	205	193	161	129	103	117	103	72	41	30	32	
062-02-F_x	35.1218	23.5750	3.6810	42.5674	0.0982	0.0982	1.9283	11.6819	0.2744		(189, 71)	(119, 115)	(143, 195)	(217, 201)	(255, 131)			189	196	167	127	93	88	119	87	56	50	75	114	143	126	126	160	194	228	217	246	280	307	315	302	255	293	293	269	233	201		
062-02-F_y																		71	34	18	21	56	96	115	100	130	169	208	223	195	218	246	269	270	244	201	235	227	194	160	126	131	111	76	42	26	32	
076-01-F_x	18.7042	17.4649	2.7648	24.0139	0.0485	0.0485	1.3870	6.0433	0.2517		(197, 71)	(119, 123)	(155, 199)	(239, 195)	(271, 123)			197	200	161	117	86	77	119	77	49	44	75	120	155	126	170	215	258	277	239	245	294	333	341	324	271	308	295	275	235	204		
076-01-F_y																		71	28	16	23	57	101	123	107	147	192	234	244	199	248	284	289	267	221	195	240	236	209	162	115	123	108	68	32	17	29	
076-02-F_x	21.5803	18.8278	2.9296	26.9632	0.0565	0.0565	1.4748	6.8329	0.2534		(203, 67)	(125, 115)	(159, 193)	(243, 191)	(271, 117)			203	203	167	128	96	89	125	83	59	58	93	124	159	140	151	196	240	271	243	256	299	334	343	326	271	313	301	273	236	201		
076-02-F_y																		67	31	10	16	49	90	115	105	145	190	228	225	193	235	267	282	272	230	191	230	226	195	154	114	117	89	52	20	11	30	
077-03-F_x	26.1447	20.1592	3.1530	31.2320	0.0716	0.0716	1.6099	8.1419	0.2607		(199, 77)	(127, 127)	(151, 199)	(235, 201)	(259, 123)			199	206	166	125	92	89	127	88	64	74	104	128	151	150	156	197	238	262	235	251	295	322	318	288	259	295	294	267	224	184		
077-03-F_y																		77	36	19	31	66	109	127	111	148	192	232	231	199	237	272	282	267	226	201	232	220	178	135	98	123	112	70	34	21	35	
077-05-F_x	25.2390	19.9438	3.1147	30.4773	0.0676	0.0676	1.6134	8.1775	0.2683		(193, 75)	(127, 129)	(147, 203)	(229, 201)	(259, 119)			193	203	163	121	91	86	127	100	62	56	80	128	147	109	138	191	244	268	229	243	284	317	325	301	259	294	300	263	0	171		
077-05-F_y																		75	42	23	37	76	118	129	96	131	176	223	238	203	219	271	286	270	216	201	234	230	194	153	110	119	108	72	31	0	42	
078-01-F_x	26.8609	20.8642	3.2315	32.8067	0.0696	0.0696	1.6108	8.1515	0.2485		(183, 67)	(113, 125)	(141, 201)	(223, 195)	(251, 125)			183	171	137	99	70	71	113	66	44	46	70	107	141	119	154	194	234	255	223	241	280	311	324	309	251	298	295	273	235	197		
078-01-F_y																		67	14	13	28	62	100	125	115	151	188	223	244	201	250	282	287	269	228	195	232	231	202	167	128	125	103	65	30	14	14	
078-02-F_x	28.5167	22.6543	3.3518	35.2935	0.0743	0.0743	1.6849	8.9185	0.2527		(185, 75)	(111, 133)	(149, 205)	(227, 199)	(257, 127)			185	187	155	111	73	65	111	57	46	55	91	130	149	124	152	193	234	254	227	235	278	315	327	308	257	298	293	256	214	183		
078-02-F_y																		75	37	11	22	57	101	133	130	172	214	245	249	205	237	276	283	268	226	199	235	239	203	161	117	127	100	58	24	16	36	
079-01-F_x	21.0990	18.2651	2.9513	27.3633	0.0651	0.0651	1.5290	7.3443	0.2684		(197, 77)	(139, 127)	(161, 199)	(239, 199)	(261, 123)			197	201	164	124	100	102	139	105	88	81	95	126	161	140	168	200	231	260	239	272	304	318	313	289	261	294	292	270	233	196		
079-01-F_y																		77	43	26	45	79	118	127	120	148	179	209	223	199	235	264	279	270	238	199	221	203	171	139	110	123	116	80	45	31	38	
079-02-F_x	23.9923	19.7823	3.1424	31.0219	0.0690	0.0690	1.6066	8.1090	0.2614		(193, 63)	(131, 115)	(157, 191)	(241, 191)	(263, 113)			193	187	164	124	93	96	131	101	82	65	80	115	157	134	170	205	240	263	241	264	300	320	325	301	263	295	294	265	227	197		
079-02-F_y																		63	28	12	21	56	95	115	93	125	162	195	218	191	235	268	276	257	220	191	222	207	174	138	102	113	93	53	20	14	24	
082-02-F_x	10.9962	13.0180	2.0566	13.2873	0.0345	0.0345	1.0362	3.3731	0.2539		(187, 85)	(131, 131)	(151, 193)	(219, 193)	(245, 129)			187	187	153	117	92	94	131	100	77	71	90	115	151	129	136	173	210	244	219	241	278	300	298	275	245	279	281	257	219	184		
082-02-F_y																		85	50	43	58	92	127	131	111	144	181	215	220	193	230	250	262	258	227	193	225	214	182	144	109	129	126	89	54	43	48	
082-03-F_x	10.7911	12.9732	2.0329	12.9833	0.0353	0.0353	1.0665	3.5731	0.2752		(193, 83)	(135, 123)	(155, 187)	(223, 189)	(251, 131)			193	197	168	134	104	102	135	105	84	80	95	126	155	129	146	179	211	241	223	248	275	295	299	294	251	290	284	256	224	198		
082-03-F_y																		83	51	45	51	79	114	123	107	136	167	198	214	187	214	246	253	253	231	189	218	210	187	160	134	133	111	79	53	44	51	
083-01-F_x	23.5985	23.7800	3.1744	31.6579	0.0667	0.0667	1.5986	8.0284	0.2536		(189, 63)	(117, 113)	(145, 191)	(233, 187)	(259, 109)			189	183	151	114	90	90	117	82	49	45	72	110	145	127	147	190	233	252	233	266	301	324	322	296	259	285	285	263	229	197		
083-01-F_y																		63	30	9	15	47	83	113	114	144	182	216	225	191	231	274	289	274	231	187	217	208	177	141	107	109	86	52	21	10	27	
083-02-F_x	27.0364	25.5628	3.3772	35.8323	0.0764	0.0764	1.7268	9.3681	0.2614		(185, 63)	(113, 119)	(145, 195)	(229, 189)	(257, 113)			185	176	143	109	83	83	113	79	52	49	75	112	145	130	147	188	229	250	229	262	295	323	322	297	257	281	282	262	228	194		
083-02-F_y																		63	29	9	17	50	87	119	121	150	187	218	226	195	233	274	290	274	233	189	220	214	185	148	114	113	88	54	22	11	25	
084-01-F_x	21.9697	21.7762	2.9930	28.1418	0.0601	0.0601	1.5684	7.7283	0.2746		(183, 57)	(113, 109)	(141, 193)	(231, 191)	(259, 109)			183	180	144	110	80	77	113	79	50	48	70	107	141	121	146	187	227	261	231	256	295	321	320	298	259	287	282	257	223	193		
084-01-F_y																		57	22	6	15	49	87	109	106	136	173	210	224	193	231	268	283	264	230	191	221	216	181	143	108	109	88	54	21	9	20	
084-02-F_x	22.5350	20.5934	2.9660	27.6368	0.0582	0.0582	1.5731	7.7741	0.2813		(189, 60)	(109, 120)	(141, 202)	(235, 200)	(261, 122)			189	182	147	108	80	72	109	69	45	49	73	116	141	123	144	186	228	258	235	260	300	326	326	303	261	292	292	272	236	201		
084-02-F_y																		60	24	10	24	58	97	120	114	152	195	232	247	202	241	271	288	276	243	200	236	227	193	153	115	122	104	68	34	16	21	
091-01-F_x	16.5582	18.6589	2.5936	21.1330	0.0532	0.0532	1.2749	5.1063	0.2416		(191, 78)	(139, 116)	(153, 186)	(227, 186)	(245, 118)			191	179	148	118	106	106	139	109	76	67	77	112	153	129	152	187	222	250	227	255	287	304	302	284	248	275	275	257	231	204		
091-01-F_y																		78	40	30	42	69	101	116	97	127	161	192	210	186	220	257	265	257	226	186	205	199	168	138	108	118	100	70	43	30	42	
091-02-F_x	16.5740	19.1118	2.6763	22.5026	0.0509	0.0509	1.3268	5.5301	0.2458		(189, 72)	(131, 120)	(153, 194)	(231, 196)	(249, 120)			189	182	146	114	95	100	131	102	75	66	83	114	153	127	146	185	222	248	231	263	298	321	317	290	249	283	276	272	240	203		
091-02-F_y																		72	39	24	31	66	103	120	101	128	162	194	217	194	230	268	279	273	237	196	219	209	175	139	108	120	103	68	36	21	33	
094-01-F_x	26.1128	21.0773	3.2199	32.5715	0.0688	0.0688	1.6484	8.5366	0.2621		(187, 60)	(119, 116)	(145, 198)	(231, 194)	(255, 116)			187	172	135	98	78	79	119	70	47	51	85	118	145	127	144	187	230	260	231	257	295	324	323	294	256	291	298	284	247	209		
094-01-F_y																		60	17	8	24	59	96	116	113	154	195	227	226	198	231	269	286	273	233	194	223	218	183	144	105	116	105	68	31	10	10	
094-02-F_x	21.211	19.5306	2.9436	27.222	0.0589	0.0589	1.4751	6.8355	0.2511		(199, 66)	(135, 120)	(157, 196)	(245, 192)	(263, 118)			199	186	149	112	93	94	135	91	66	63	88	122	157	135	164	206	248	273	245	269	306	337	337	312	263	302	300	280	244	214																																																																																																																																																																																																																																																																																																																																
094-02-F_y																		66	25	16	32	67	104	120	113	147	181	212	227	196	235	275	285	270	228	192	218	210	181	145	110	118	96	62	29	13	26																																																																																																																																																																																																																																																																																																																																																																																																																																																																																																																																																																																																																																																																																																																																																																																																																																																																																																																								
