/*重疊部分已處理  未使用Spline*/

005-02-S		22.2830	12.3245	0.5531		3.6729	42.3817		5.5639	3.1297	1.7778	17.4133		28.6845		2.7768	24.2239	0.5716		(75, 182)	(237, 82)	(277, 137)	(320, 221)	(100, 190)			237, 81	227, 111	192, 115	157, 119	122, 134	88, 154	69, 177	100, 190	137, 190	174, 212	211, 223	248, 223	285, 218	319, 222	277, 137
010-02-S		26.4906	11.9904	0.4526		3.5823	40.3153		4.3182	3.0000	1.4394	12.9545		29.2910		2.3573	17.4577	0.4330		(90, 188)	(240, 81)	(268, 133)	(279, 212)	(107, 200)			240, 80	233, 104	203, 122	173, 129	143, 138	113, 161	88, 185	107, 200	135, 187	163, 191	191, 197	219, 199	247, 199	275, 209	268, 133
017-01-S		23.1956	12.1789	0.5251		3.6153	41.0616		4.3669	2.9463	1.4821	12.8664		29.6698		2.4215	18.4212	0.4486		(111, 130)	(262, 88)	(264, 138)	(273, 199)	(131, 138)			262, 87	250, 103	220, 100	190, 97	160, 98	130, 106	108, 124	131, 138	155, 149	179, 170	203, 182	227, 188	251, 189	273, 197	264, 138
023-03-S		19.8682	12.8510	0.6468		3.5723	40.0908		5.2697	2.8327	1.8603	14.9275		26.6932		2.6942	22.8034	0.5688		(54, 192)	(223, 92)	(251, 129)	(305, 201)	(82, 204)			223, 91	210, 122	176, 130	142, 136	108, 150	74, 167	54, 189	81, 204	118, 205	155, 218	192, 225	229, 225	266, 210	303, 200	251, 129
024-01-S		23.1084	14.0562	0.6083		3.3764	35.8146		4.9184	3.0612	1.6067	15.0562		29.4715		2.5369	20.2189	0.5645		(70, 214)	(229, 86)	(273, 115)	(310, 212)	(100, 234)			229, 85	220, 113	188, 132	156, 144	124, 161	93, 186	69, 208	100, 234	134, 227	168, 229	202, 227	236, 220	270, 210	304, 210	273, 115
031-02-S		21.0564	11.8045	0.5606		3.3991	36.2985		4.7115	2.6538	1.7754	12.5037		25.8068		2.5008	19.6477	0.5413		(47, 156)	(236, 85)	(269, 138)	(291, 221)	(73, 176)			236, 84	217, 114	179, 112	141, 111	103, 122	65, 129	46, 155	73, 176	109, 171	145, 195	181, 210	217, 211	253, 212	289, 221	269, 138
036-01-S		20.0106	14.6547	0.7323		3.4330	37.0245		4.5591	3.4593	1.3179	15.7713		27.5701		2.4317	18.5766	0.5017		(58, 241)	(210, 88)	(246, 118)	(285, 215)	(77, 259)			210, 88	195, 118	165, 137	137, 161	110, 186	82, 214	57, 238	77, 259	111, 249	145, 246	179, 242	213, 237	247, 220	281, 215	246, 118
042-01-S		24.3331	15.1334	0.6219		3.5338	39.2307		4.7815	3.2601	1.4667	15.5881		31.0941		2.5940	21.1385	0.5388		(73, 199)	(238, 68)	(285, 131)	(292, 217)	(98, 209)			238, 68	219, 98	187, 111	155, 123	123, 143	93, 170	72, 193	98, 209	130, 196	162, 199	194, 207	226, 212	258, 209	290, 216	285, 131
042-02-S		30.3210	17.5474	0.5787		4.0490	51.5053		5.3224	4.1877	1.2710	22.2883		42.8324		2.9179	26.7479	0.5193		(95, 173)	(250, 66)	(289, 129)	(285, 217)	(119, 183)			250, 65	237, 91	206, 102	175, 111	144, 123	113, 147	93, 170	119, 182	147, 165	177, 173	207, 186	237, 195	267, 203	285, 217	289, 129
045-01-S		21.1337	11.4154	0.5401		3.4158	36.6557		4.7442	3.0233	1.5692	14.3429		28.1235		2.5244	20.0196	0.5462		(91, 187)	(256, 100)	(279, 153)	(293, 229)	(117, 195)			256, 99	229, 125	199, 132	169, 136	139, 145	109, 161	89, 183	117, 196	146, 190	175, 201	204, 210	233, 214	262, 216	291, 228	279, 153
050-03-S		22.5283	12.2329	0.5430		3.5919	40.5331		4.9119	3.0862	1.5915	15.1592		30.5365		2.5678	20.7140	0.5110		(55, 169)	(222, 78)	(246, 127)	(277, 219)	(78, 175)			222, 77	208, 107	173, 114	138, 118	103, 127	68, 138	53, 167	78, 175	111, 172	144, 194	177, 205	210, 208	243, 206	274, 215	246, 127
053-01-S		22.9134	15.1159	0.6597		3.8691	47.0288		5.6429	3.1667	1.7820	17.8690		35.5797		2.9693	27.6988	0.5890		(72, 178)	(262, 91)	(299, 144)	(309, 223)	(92, 186)			262, 90	240, 118	206, 126	171, 129	136, 134	101, 150	71, 171	92, 185	127, 179	162, 187	197, 196	232, 203	267, 208	302, 218	299, 144
055-02-S		21.1042	10.7200	0.5080		3.3069	34.3559		4.5870	2.5652	1.7881	11.7665		23.5196		2.3501	17.3513	0.5050		(90, 192)	(231, 101)	(267, 161)	(298, 218)	(118, 204)			231, 100	224, 124	193, 130	162, 134	133, 147	102, 162	87, 189	118, 203	147, 202	176, 212	205, 216	234, 215	263, 208	292, 213	267, 161
056-01-S		17.0054	7.1294	0.4192		2.7453	23.6772		3.6853	2.7306	1.3496	10.0631		18.5139		2.0167	12.7765	0.5396		(114, 115)	(276, 113)	(267, 150)	(259, 210)	(136, 127)			276, 112	255, 120	224, 107	193, 94	162, 89	131, 91	112, 111	136, 127	157, 138	171, 163	196, 184	221, 193	244, 197	257, 209	267, 150
057-01-S		20.4736	12.3647	0.6039		3.4263	36.8799		4.8590	3.4593	1.4046	16.8089		29.8580		2.5444	20.3381	0.5515		(70, 237)	(226, 77)	(272, 125)	(309, 202)	(96, 248)			226, 77	213, 109	180, 130	147, 148	114, 171	87, 204	66, 231	96, 248	131, 234	166, 230	201, 222	236, 214	271, 201	306, 202	272, 125
062-01-S		16.0379	7.8310	0.4883		2.8045	24.7102		4.3214	2.1429	2.0167	9.2602		16.7681		2.2214	15.5024	0.6274		(74, 170)	(251, 93)	(277, 141)	(313, 205)	(101, 185)			251, 92	229, 112	195, 109	161, 111	130, 121	96, 143	71, 164	100, 185	135, 187	170, 202	205, 210	240, 211	275, 204	310, 205	277, 141
076-01-S		19.0284	8.5997	0.4519		3.1030	30.2490		3.8089	2.7550	1.3826	10.4937		22.8124		2.2089	15.3287	0.5068		(62, 94)	(264, 84)	(253, 123)	(261, 212)	(92, 113)			264, 83	241, 93	204, 80	166, 72	128, 68	89, 68	60, 89	92, 113	122, 125	146, 155	176, 180	206, 193	236, 198	257, 211	253, 123
077-03-S		20.5386	16.0856	0.7832		3.5051	38.5957		4.6089	3.9051	1.1802	17.9979		31.0585		2.5292	20.0959	0.5207		(96, 236)	(215, 81)	(264, 108)	(300, 177)	(118, 252)			215, 81	200, 107	174, 130	149, 156	129, 182	111, 208	96, 234	118, 251	148, 239	178, 232	208, 221	238, 208	268, 187	298, 177	264, 108
078-01-S		21.9439	13.2287	0.6028		3.5480	39.5484		5.0000	3.6429	1.3725	18.2143		31.5509		2.6382	21.8656	0.5529		(93, 241)	(208, 99)	(259, 141)	(302, 199)	(109, 250)			208, 99	208, 125	187, 151	161, 168	135, 188	111, 214	91, 235	109, 250	140, 236	171, 232	202, 225	233, 215	264, 203	295, 198	259, 141
079-01-S		18.3541	8.3503	0.4550		3.0179	28.6132		4.5093	2.4281	1.8571	10.9488		22.2496		2.3295	17.0484	0.5958		(68, 174)	(244, 83)	(260, 128)	(286, 201)	(93, 187)			244, 82	225, 108	191, 117	157, 123	123, 132	89, 149	65, 170	93, 187	125, 184	157, 193	189, 198	221, 198	253, 192	285, 200	260, 128
082-02-S		16.5131	7.8306	0.4742		2.9943	28.1673		4.0909	2.1273	1.9231	8.7025		16.8673		2.1428	14.4249	0.5121		(64, 148)	(263, 113)	(273, 148)	(284, 211)	(96, 156)			263, 112	229, 116	192, 108	154, 104	116, 107	78, 112	60, 144	96, 156	127, 156	156, 186	187, 206	218, 217	249, 219	280, 212	273, 148
083-01-S		20.7826	9.5760	0.4608		3.5007	38.5009		4.6735	2.7959	1.6715	13.0666		25.2593		2.6209	21.5803	0.5605		(67, 130)	(261, 98)	(269, 153)	(295, 231)	(90, 142)			261, 98	244, 120	208, 113	169, 102	130, 101	91, 109	65, 129	89, 142	121, 152	146, 188	182, 212	218, 222	254, 223	290, 231	269, 153
084-01-S		22.3221	9.5970	0.4299		3.3560	35.3836		4.5600	2.8200	1.6170	12.8592		24.3976		2.4731	19.2148	0.5430		(54, 128)	(246, 79)	(250, 128)	(276, 219)	(82, 139)			246, 78	231, 101	191, 97	150, 90	109, 92	68, 94	52, 126	82, 138	113, 152	142, 182	175, 198	208, 205	241, 204	274, 218	250, 128
094-01-S		21.4833	13.7946	0.6421		3.6089	40.9173		4.6222	3.2222	1.4345	14.8938		31.7228		2.5549	20.5064	0.5012		(85, 132)	(271, 84)	(285, 143)	(283, 228)	(108, 138)			271, 84	243, 105	206, 101	169, 98	132, 102	95, 99	82, 127	108, 138	137, 137	163, 164	190, 192	219, 207	248, 215	277, 223	285, 143
