0.00528563
0.00390926
0.00179395
0.00139621
0.00222393
0.00109846
0.00315622
0.00236569
0.00227422
0.00112891
0.0091703
0.00855955
0.00403004
0.00360917
0.00290821
0.00290867
0.000771815
0.00114125
0.00137057
0.00270438
0.00602492
0.00631866
0.00250253
0.00709215
0.00609373
0.00737137
0.00404969
0.00230767
0.00224756
0.0010444
0.00247364
0.00143508
0.00357023
0.00127282
0.00441455
0.00316984
0.00159671
0.00163225
0.00175117
0.0040479
0.00441148
0.0013706
0.0030643
0.00246535
0.00183543
0.00100106
0.00415735
0.00280068
0.00110273
0.00419315
0.00783946
0.00188789
0.011207
0.00256695
0.00180354
0.00103586
0.00225143
0.00172308
0.00579703
0.00847714
0.00630112
0.00217685
0.0049931
0.00256008
0.00278161
0.00524655
0.00148228
0.00437643
0.00515834
0.00188045
0.00388537
0.00278219
0.00229824
0.0025473
0.0010212
0.00223465
0.000415706
0.00123116
0.00206347
0.00241768
0.00181356
0.00386834
0.00962496
0.00420061
0.0155616
0.00391506
0.00226498
0.0013135
0.000681569
0.00308985
0.000435692
0.00188017
0.00457929
0.00364926
0.00326813
0.00712255
0.0102556
0.00492988
0.00606634
0.00238714
0.00191557
0.00635747
0.00363167
0.00357081
0.00699895
0.0135266
0.00108362
0.00147125
0.00591992
0.00245948
0.000949324
0.00195584
0.00215258
0.0035983
0.00148181
0.00288114
0.0058084
0.00521778
0.00197185
0.00221644
0.00414653
0.00424956
0.0017362
0.00301347
0.0055659
0.00204321
0.0106922
0.00136217
0.00160464
0.00395642
0.00226632
0.00902468
0.0150051
0.00341247
0.00782502
0.00460015
0.000939465
0.00491006
0.00528566
0.00394348
0.00289354
0.00903553
0.00439823
0.00275952
0.00293511
0.00164854
-------------
0.00528563
0.00390926
0.00179395
0.00139621
0.00222393
0.00109846
0.00315622
0.00236569
0.00227422
0.00112891
0.0091703
0.00855955
0.00403004
0.00360917
0.00290821
0.00290867
0.000771815
0.00114125
0.00137057
0.00270438
0.00602492
0.00631866
0.00250253
0.00709215
0.00609373
0.00737137
0.00404969
0.00230767
0.00224756
0.0010444
0.00247364
0.00143508
0.00357023
0.00127282
0.00441455
0.00316984
0.00159671
0.00163225
0.00175117
0.0040479
0.00441148
0.0013706
0.0030643
0.00246535
0.00183543
0.00100106
0.00415735
0.00280068
0.00110273
0.00419315
0.00783946
0.00188789
0.011207
0.00256695
0.00180354
0.00103586
0.00225143
0.00172308
0.00579703
0.00847714
0.00630112
0.00217685
0.0049931
0.00256008
0.00278161
0.00524655
0.00148228
0.00437643
0.00515834
0.00188045
0.00388537
0.00278219
0.00229824
0.0025473
0.0010212
0.00223465
0.000415706
0.00123116
0.00206347
0.00241768
0.00181356
0.00386834
0.00962496
0.00420061
0.0155616
0.00391506
0.00226498
0.0013135
0.000681569
0.00308985
0.000435692
0.00188017
0.00457929
0.00364926
0.00326813
0.00712255
0.0102556
0.00492988
0.00606634
0.00238714
0.00191557
0.00635747
0.00363167
0.00357081
0.00699895
0.0135266
0.00108362
0.00147125
0.00591992
0.00245948
0.000949324
0.00195584
0.00215258
0.0035983
0.00148181
0.00288114
0.0058084
0.00521778
0.00197185
0.00221644
0.00414653
0.00424956
0.0017362
0.00301347
0.0055659
0.00204321
0.0106922
0.00136217
0.00160464
0.00395642
0.00226632
0.00902468
0.0150051
0.00341247
0.00782502
0.00460015
0.000939465
0.00491006
0.00528566
0.00394348
0.00289354
0.00903553
0.00439823
0.00275952
0.00293511
0.00164854
-1.66092e-08
0.144591
-------------
