		Perimeter	Area	P/A ratio	[min circle]	Radius	Area	[Rect]	Width	Height	W/H ratio	Area	[min rect]	Area		Primary				
005-02-F		27.0762	31.8339	1.1757		3.6309	41.4178		6.9524	6.619	1.0504	46.0181		45.0828		(234, 114)	(306, 164)	(270, 248)	(183, 241)	(161, 156)
005-03-F		30.1468	38.0329	1.2616		3.933	48.5962		7.5872	7.3309	1.035	55.6216		53.6382		(239, 118)	(314, 165)	(285, 253)	(195, 251)	(166, 164)
023-03-F		21.3235	22.9362	1.0756		3.0823	29.8476		5.9136	5.8072	1.0183	34.3412		31.4163		(229, 122)	(300, 161)	(277, 246)	(185, 243)	(162, 163)
023-04-F		20.9926	24.1292	1.1494		3.1207	30.5943		5.9136	5.7647	1.0258	34.0896		32.6206		(227, 116)	(299, 166)	(274, 248)	(185, 250)	(154, 166)
036-02-F		21.9203	18.2079	0.8306		2.7965	24.5691		5.1305	5.1089	1.0042	26.211		25.761		(234, 125)	(301, 175)	(272, 250)	(189, 252)	(165, 173)
031-01-F		26.534	23.2977	0.878		3.3639	35.5488		5.974	5.8907	1.0141	35.1911		33.3632		(242, 120)	(307, 171)	(285, 250)	(196, 249)	(172, 167)
031-02-F		24.6664	21.0504	0.8534		3.0171	28.5981		5.6789	5.5789	1.0179	31.6817		30.254		(242, 116)	(309, 165)	(287, 243)	(204, 250)	(177, 166)
042-01-F		26.9126	31.7378	1.1793		3.5292	39.1296		6.6566	6.7053	0.9927	44.6344		43.8101		(226, 122)	(291, 173)	(268, 254)	(185, 251)	(156, 175)
042-02-F		29.1376	37.0696	1.2722		3.832	46.1308		7.2227	7.2477	0.9966	52.3485		50.9826		(227, 117)	(297, 181)	(263, 262)	(179, 261)	(156, 176)
045-01-F		26.0617	24.4568	0.9384		3.1967	32.1043		5.9783	6.087	0.9821	36.3894		35.0112		(241, 123)	(310, 173)	(279, 249)	(199, 250)	(172, 174)
045-03-F		23.328	17.0422	0.7305		2.6526	22.1045		5.0042	5.0433	0.9922	25.2381		24.1275		(245, 124)	(303, 178)	(275, 244)	(197, 243)	(174, 167)
053-02-F		22.9181	26.396	1.1518		3.3904	36.1117		5.7365	6.4268	0.8926	36.8669		36.2238		(228, 115)	(289, 170)	(275, 253)	(191, 254)	(170, 171)
055-01-F		22.8699	25.6657	1.1222		3.213	32.432		6.2028	5.9375	1.0447	36.8293		34.424		(234, 122)	(307, 172)	(274, 248)	(184, 251)	(155, 164)
055-02-F		22.6951	25.39	1.1187		3.2478	33.139		6.1237	5.8946	1.0389	36.0963		34.2698		(233, 124)	(308, 168)	(276, 250)	(188, 250)	(156, 167)
056-05-F		20.3272	21.2147	1.0437		2.9266	26.908		5.4808	5.3269	1.0289	29.1956		28.493		(222, 125)	(303, 171)	(269, 251)	(183, 253)	(150, 179)
057-01-F		19.0882	22.9301	1.2013		3.0472	29.171		5.5856	5.6291	0.9923	31.4421		31.1143		(232, 126)	(297, 173)	(273, 244)	(197, 243)	(168, 174)
057-02-F		20.5561	24.5903	1.1963		3.1687	31.5443		5.8333	5.8542	0.9964	34.1493		33.5898		(234, 115)	(298, 160)	(278, 245)	(185, 245)	(163, 168)
062-01-F		14.4432	12.5065	0.8659		2.1806	14.9386		4.2261	4.0478	1.0441	17.1062		16.2875		(240, 126)	(299, 169)	(277, 236)	(203, 235)	(179, 167)
062-02-F		15.6769	15.2182	0.9707		2.4301	18.5521		4.6835	4.5256	1.0349	21.1957		19.9855		(229, 121)	(299, 184)	(260, 253)	(181, 248)	(160, 168)
078-01-F		22.5244	29.9073	1.3278		3.4121	36.575		6.4318	6.3636	1.0107	40.9298		40.5311		(224, 118)	(294, 176)	(267, 251)	(186, 254)	(155, 178)
078-02-F		23.3193	27.3328	1.1721		3.2868	33.9394		6.1464	5.9509	1.0328	36.5764		36.1133		(224, 130)	(300, 181)	(269, 252)	(192, 262)	(153, 186)
079-01-F		16.5357	17.2499	1.0432		2.6702	22.3998		4.759	5.079	0.937	24.1711		23.1787		(238, 129)	(303, 178)	(281, 252)	(204, 252)	(179, 180)
079-02-F		16.277	16.3739	1.006		2.592	21.1074		4.7636	4.8364	0.985	23.0387		22.3841		(234, 117)	(301, 166)	(282, 244)	(198, 247)	(173, 167)
083-01-F		24.1103	24.1876	1.0032		3.2145	32.4623		6.0837	5.9986	1.0142	36.4941		34.1933		(230, 117)	(300, 163)	(277, 239)	(184, 244)	(158, 166)
083-02-F		25.0489	25.8611	1.0324		3.3028	34.2698		6.2199	6.2421	0.9965	38.8251		37.5366		(227, 115)	(297, 167)	(272, 241)	(185, 249)	(155, 171)
084-01-F		21.2324	20.8944	0.9841		2.9191	26.7707		5.5056	5.4664	1.0072	30.0956		28.0718		(227, 108)	(301, 162)	(273, 245)	(182, 246)	(154, 164)
084-02-F		19.4121	20.0202	1.0313		3.0842	29.8844		5.2927	5.2742	1.0035	27.9144		27.1581		(230, 116)	(304, 174)	(276, 252)	(183, 255)	(151, 172)
094-01-F		19.7003	22.8127	1.158		3.0096	28.4546		5.6755	5.6155	1.0107	31.8706		31.5152		(229, 113)	(297, 169)	(273, 248)	(185, 252)	(161, 169)
094-02-F		19.1947	20.3732	1.0614		2.8854	26.1549		5.4499	5.3715	1.0146	29.2744		27.7477		(238, 119)	(303, 170)	(286, 246)	(198, 251)	(176, 175)
099-02-F		23.1073	27.6836	1.198		3.4215	36.7772		6.1096	6.3318	0.9649	38.6846		37.7593		(225, 114)	(304, 160)	(280, 249)	(185, 252)	(153, 168)
107-02-F		26.4659	28.4027	1.0732		3.4021	36.3618		6.4302	6.362	1.0107	40.9086		39.8655		(207, 108)	(291, 168)	(262, 259)	(168, 256)	(134, 175)
107-03-F		24.8512	23.8966	0.9616		3.2694	33.5801		5.9986	5.9116	1.0147	35.4615		33.8792		(232, 126)	(292, 177)	(270, 250)	(199, 248)	(165, 175)
119-01-F		18.0196	20.8401	1.1565		2.8467	25.4586		5.3323	5.3127	1.0037	28.329		27.3801		(219, 121)	(295, 175)	(268, 261)	(185, 265)	(155, 181)
131-01-F		17.5167	12.2537	0.6995		2.3664	17.5924		4.1845	4.3141	0.97	18.0521		17.7907		(240, 124)	(297, 178)	(270, 236)	(202, 231)	(175, 171)
131-02-F		19.7626	17.4087	0.8809		2.712	23.1055		4.9798	4.8645	1.0237	24.2244		23.832		(229, 123)	(302, 179)	(268, 240)	(193, 241)	(154, 178)
143-01-F		20.3219	25.7414	1.2667		3.1791	31.7511		5.8112	5.9362	0.9789	34.4967		34.1172		(238, 123)	(306, 177)	(272, 248)	(196, 250)	(164, 170)
143-02-F		21.0582	26.5034	1.2586		3.2723	33.6395		6.0371	6.0583	0.9965	36.5748		35.5424		(225, 123)	(295, 177)	(265, 259)	(178, 254)	(156, 169)
145-02-F		23.9391	25.1681	1.0513		3.2252	32.6781		6.0488	6.1951	0.9764	37.4729		34.069		(224, 117)	(285, 168)	(265, 237)	(181, 239)	(175, 163)
145-03-F		22.0823	18.3565	0.8313		2.7849	24.3649		5.1951	5.2343	0.9925	27.1925		25.6502		(209, 112)	(278, 158)	(261, 235)	(177, 243)	(153, 166)
153-01-F		27.9726	28.5754	1.0215		3.4073	36.4719		6.5047	6.2161	1.0464	40.4337		40.0636		(235, 120)	(313, 170)	(273, 250)	(190, 250)	(156, 168)
153-02-F		26.7858	24.2123	0.9039		3.1762	31.6934		5.9334	5.8899	1.0074	34.9471		33.9314		(228, 120)	(304, 168)	(269, 247)	(183, 247)	(160, 169)
155-02-F		24.4657	31.7355	1.2971		3.5439	39.457		6.6905	6.5714	1.0181	43.966		43.2187		(226, 118)	(296, 167)	(274, 248)	(186, 249)	(153, 172)
155-03-F		24.0198	29.4805	1.2273		3.8168	45.7659		6.4873	6.3318	1.0246	41.076		40.2623		(230, 119)	(312, 178)	(277, 253)	(187, 253)	(148, 177)
157-01-F		22.5157	22.3771	0.9938		3.0708	29.6246		5.8864	5.4091	1.0882	31.8399		31.3567		(232, 136)	(287, 174)	(269, 245)	(187, 249)	(157, 165)
157-02-F		25.7856	26.364	1.0224		3.3385	35.0153		6.3716	5.8727	1.0849	37.4185		36.9783		(227, 124)	(283, 175)	(264, 251)	(180, 250)	(164, 165)
163-01-F		19.3705	18.9261	0.9771		2.7345	23.4909		5.3079	4.9124	1.0805	26.0745		24.8159		(222, 126)	(290, 171)	(262, 247)	(184, 246)	(157, 167)
163-02-F		17.0862	17.3336	1.0145		2.598	21.2052		5.0375	4.7491	1.0607	23.9238		22.7784		(223, 130)	(293, 171)	(267, 247)	(180, 252)	(151, 174)
164-01-F		21.2466	21.0658	0.9915		3.2937	34.0816		5.5	5.5	1	30.25		29.3187		(229, 118)	(301, 168)	(277, 250)	(188, 251)	(156, 175)
164-02-F		17.8771	17.4398	0.9755		2.6853	22.6539		5.0012	4.8274	1.036	24.1424		23.7686		(231, 116)	(305, 169)	(271, 241)	(191, 236)	(161, 165)
165-02-F		19.9244	21.8024	1.0943		2.9128	26.654		5.5319	5.5106	1.0039	30.4844		29.321		(213, 120)	(281, 166)	(263, 245)	(182, 246)	(159, 170)
165-03-F		21.9075	22.8068	1.0411		3.0075	28.4159		5.53	5.7005	0.9701	31.524		30.7177		(226, 132)	(287, 177)	(263, 249)	(190, 250)	(168, 177)
176-01-F		22.6998	26.485	1.1667		3.2482	33.1455		6.1676	5.9253	1.0409	36.5454		36.2158		(230, 107)	(307, 161)	(275, 239)	(190, 242)	(159, 161)
176-03-F		20.3638	24.081	1.1825		3.0551	29.3227		5.9	5.72	1.0315	33.748		32.1815		(242, 121)	(314, 173)	(289, 254)	(191, 250)	(167, 169)
206-02-F		16.515	15.7326	0.9526		2.5264	20.0515		4.6792	4.5283	1.0333	21.189		20.8233		(243, 127)	(308, 177)	(278, 244)	(202, 249)	(172, 169)
206-03-F		16.3828	14.4848	0.8841		2.469	19.1505		4.5	4.6379	0.9703	20.8707		19.2622		(222, 118)	(298, 170)	(270, 250)	(188, 254)	(159, 173)
																				
		Perimeter	Area	P/A ratio	[min circle]	Radius	Area	[Rect]	Width	Height	W/H ratio	Area	[min rect]	Area		Primary				
017-01-S		23.7671	12.3864	0.5212		3.6198	41.1634		6.2105	6.4737	0.9593	40.205		31.1397		(149, 181)	(302, 141)	(303, 190)	(315, 253)	(174, 190)
017-02-S		23.4994	12.3305	0.5247		3.7155	43.3689		6.2927	6.6829	0.9416	42.0535		29.5337		(125, 174)	(294, 135)	(296, 191)	(307, 261)	(148, 188)
018-03-S		18.9534	10.7244	0.5658		3.2858	33.9175		6.0837	4.616	1.318	28.0824		25.6468		(98, 215)	(275, 133)	(288, 193)	(325, 271)	(131, 227)
018-04-S		18.7482	10.3017	0.5495		3.232	32.8172		6.0388	4.1792	1.445	25.2371		23.2627		(103, 219)	(290, 143)	(306, 196)	(340, 277)	(132, 231)
023-04-S		22.8199	14.1762	0.6212		3.8063	45.5153		7.1609	5.1614	1.3874	36.96		30.1004		(110, 225)	(273, 150)	(297, 193)	(337, 278)	(131, 239)
024-01-S		22.6463	13.5116	0.5966		3.3089	34.3963		6.24	5.04	1.2381	31.4496		28.3044		(111, 264)	(272, 135)	(316, 168)	(350, 262)	(139, 288)
031-01-S		19.8773	12.1979	0.6137		3.426	36.8743		6.4187	4.6791	1.3718	30.0336		26.4879		(85, 196)	(278, 146)	(307, 194)	(318, 281)	(110, 219)
005-02-S		23.0696	12.8726	0.558		3.7459	44.0821		6.8155	5.6611	1.2039	38.583		30.0248		(111, 231)	(277, 137)	(317, 190)	(358, 275)	(139, 243)
050-04-S		21.1187	11.6882	0.5535		3.3917	36.1398		6.3456	5.1418	1.2341	32.6278		32.6278		(108, 211)	(297, 132)	(326, 195)	(350, 289)	(137, 226)
127-01-S		21.3495	17.4513	0.8174		3.7396	43.9347		6.5729	5.9481	1.1050	39.0968		39.0968		(157, 292)	(254, 128)	(307, 169)	(346, 221)	(173, 308)
099-01-S		21.5537	13.1893	0.6119		3.4850	38.1550		5.2093	5.8605	0.8889	30.5289		30.5289		(127, 140)	(313, 136)	(330, 190)	(323, 275)	(154, 158)
112-02-S		19.3574	9.9133	0.5121		3.2041	32.2519		5.6349	5.0669	1.1121	28.5514		28.5514		(159, 278)	(273, 138)	(303, 170)	(343, 238)	(180, 295)
