/*重疊部分已處理  未使用Spline*/

005-02-F		26.9675	31.8184	1.1799		3.6299	41.3944		6.9504	6.6410	1.0466	46.1575		45.0573		1.8729	11.0201	0.2662		(194, 59)	(119, 104)	(143, 188)	(230, 194)	(266, 111)			119, 104	89, 94	54, 120	44, 161	66, 200	107, 215	144, 190	124, 218	140, 261	178, 280	220, 269	245, 232	233, 198	258, 226	297, 219	329, 188	334, 149	313, 111	270, 110	300, 79	296, 40	263, 12	224, 10	194, 31	195, 59	197, 27	158, 9	118, 10	88, 41	88, 81
010-02-F		26.6018	27.6424	1.0391		3.4050	36.4229		6.3681	6.2159	1.0245	39.5834		38.8291		1.5992	8.0346	0.2206		(188, 71)	(113, 128)	(144, 202)	(224, 203)	(253, 128)			113, 127	69, 125	38, 159	47, 201	83, 235	127, 239	143, 205	122, 239	143, 282	186, 295	230, 274	247, 233	227, 205	243, 236	283, 236	322, 202	327, 155	293, 117	253, 129	288, 106	295, 68	273, 33	236, 18	198, 13	188, 68	165, 13	128, 16	89, 30	68, 63	74, 102
017-01-F		24.8910	34.4593	1.3844		3.6554	41.9772		7.0160	6.7968	1.0323	47.6866		46.6713		1.6877	8.9479	0.2132		(179, 69)	(115, 127)	(139, 189)	(222, 190)	(248, 119)			178, 69	178, 36	139, 11	93, 35	63, 72	79, 118	113, 125	76, 117	40, 154	47, 200	87, 231	125, 220	139, 188	108, 218	127, 266	180, 284	233, 267	248, 221	221, 193	232, 226	266, 238	310, 205	321, 157	297, 112	250, 119	282, 106	293, 59	254, 19	207, 7	175, 34
023-03-F		20.3471	21.9889	1.0807		3.0038	28.3462		5.7488	5.6446	1.0185	32.4495		29.5423		1.5865	7.9077	0.2790		(190, 68)	(119, 110)	(143, 193)	(236, 191)	(259, 112)			119, 110	93, 98	59, 126	54, 166	74, 200	114, 212	143, 194	124, 222	151, 265	188, 275	232, 261	257, 217	236, 194	251, 219	292, 212	322, 178	322, 136	293, 100	259, 112	284, 103	289, 64	268, 34	231, 22	193, 32	190, 68	191, 37	150, 12	108, 25	88, 63	92, 102
024-01-F		19.3440	21.2542	1.0988		2.8328	25.2109		5.4891	5.4107	1.0145	29.7002		28.7031		1.5940	7.9824	0.3166		(204, 71)	(126, 120)	(155, 210)	(248, 206)	(276, 122)			126, 120	95, 118	65, 161	74, 210	118, 246	158, 244	156, 210	135, 236	161, 263	203, 287	246, 271	270, 236	248, 209	252, 237	293, 236	334, 198	330, 152	315, 109	278, 122	310, 111	303, 64	270, 25	224, 15	192, 36	204, 71	215, 38	186, 18	142, 19	100, 51	84, 98
031-02-F		25.1825	21.0458	0.8357		3.0321	28.8817		5.6800	5.6400	1.0071	32.0352		30.2286		1.4956	7.0274	0.2433		(203, 61)	(133, 112)	(163, 197)	(249, 191)	(270, 111)			203, 61	189, 28	154, 14	120, 21	97, 50	101, 85	133, 113	101, 111	69, 141	69, 182	92, 218	133, 234	164, 197	147, 236	173, 273	202, 282	246, 272	273, 232	252, 194	285, 219	324, 207	345, 173	342, 134	310, 102	273, 111	296, 84	294, 47	269, 32	251, 8	214, 25
036-01-F		18.9242	21.3340	1.1273		2.9330	27.0255		5.2539	5.4107	0.9710	28.4274		28.0157		1.6137	8.1804	0.3027		(190, 58)	(122, 132)	(149, 208)	(235, 202)	(257, 117)			191, 58	189, 31	148, 13	105, 33	75, 72	84, 117	121, 130	86, 121	58, 155	62, 198	91, 238	135, 242	149, 208	132, 236	145, 272	188, 282	231, 269	256, 232	236, 205	251, 230	285, 224	314, 189	319, 150	296, 112	260, 116	298, 108	302, 66	278, 26	977174718, 135296077	194, 22
042-01-F		25.3576	28.8873	1.1392		3.3909	36.1223		6.3704	6.4169	0.9928	40.8778		39.8829		1.7115	9.2020	0.2547		(186, 69)	(120, 124)	(146, 199)	(228, 199)	(249, 122)			120, 124	79, 119	49, 154	55, 198	92, 233	131, 230	146, 202	124, 226	137, 267	182, 285	227, 274	250, 232	228, 203	239, 232	276, 230	312, 202	319, 159	293, 118	249, 122	281, 103	287, 64	259, 35	220, 15	187, 30	186, 69	182, 35	146, 11	108, 26	77, 59	82, 101
042-02-F		29.2022	37.0631	1.2692		3.8320	46.1308		7.2227	7.2727	0.9931	52.5290		50.9372		1.9903	12.4452	0.2698		(188, 65)	(115, 124)	(139, 208)	(222, 207)	(255, 128)			115, 124	78, 117	42, 150	48, 195	77, 238	119, 239	139, 208	119, 236	127, 273	170, 294	214, 280	242, 244	227, 215	243, 242	282, 245	315, 211	326, 169	301, 130	255, 127	286, 113	304, 77	284, 35	240, 13	196, 23	188, 65	182, 29	149, 5	109, 15	76, 54	77, 94
045-01-F		27.2918	26.7291	0.9794		3.3420	35.0892		6.2500	6.3864	0.9786	39.9148		38.2664		1.6571	8.6272	0.2459		(201, 70)	(131, 121)	(158, 197)	(239, 197)	(269, 121)			130, 121	98, 117	66, 141	59, 178	81, 212	118, 227	158, 197	148, 231	163, 271	204, 285	243, 270	255, 231	240, 197	267, 221	302, 218	327, 187	330, 152	306, 124	269, 121	301, 99	308, 62	279, 26	242, 15	208, 28	201, 69	195, 37	163, 7	123, 24	91, 54	93, 94
050-03-F		20.2157	22.2977	1.1030		3.0748	29.7011		5.5101	5.7804	0.9532	31.8504		30.2095		1.7236	9.3327	0.3142		(193, 56)	(126, 113)	(146, 200)	(246, 199)	(267, 114)			193, 56	184, 25	145, 14	109, 35	93, 76	92, 113	126, 113	98, 95	66, 125	62, 171	84, 213	127, 227	146, 201	123, 223	144, 259	183, 285	226, 273	259, 239	246, 204	268, 219	307, 202	319, 163	314, 124	289, 98	267, 113	297, 108	290, 68	279, 30	238, 25	200, 15
053-01-F		20.6644	23.9793	1.1604		3.1537	31.2453		5.6136	5.8864	0.9537	33.0439		32.6373		1.7005	9.0845	0.2907		(180, 60)	(119, 111)	(136, 193)	(221, 190)	(245, 109)			119, 112	93, 96	64, 119	55, 159	70, 198	110, 216	137, 194	121, 219	144, 258	184, 270	225, 252	243, 211	221, 190	233, 216	267, 211	296, 176	298, 138	274, 104	245, 110	272, 94	274, 57	251, 27	215, 15	179, 28	180, 60	184, 26	143, 14	101, 27	82, 66	86, 105
055-02-F		21.6241	24.3734	1.1271		3.1161	30.5057		5.7947	5.7947	1.0000	33.5787		32.8326		1.6367	8.4158	0.2759		(192, 74)	(116, 114)	(145, 199)	(234, 198)	(266, 116)			115, 114	79, 108	50, 140	52, 185	80, 228	125, 230	145, 200	119, 226	141, 263	189, 289	236, 264	260, 226	238, 199	255, 227	288, 229	323, 195	331, 150	310, 107	265, 116	298, 97	292, 52	254, 15	210, 11	183, 37	192, 73	206, 38	180, 10	134, 9	89, 35	76, 82
056-01-F		16.3939	16.3347	0.9964		2.5510	20.4442		4.8581	4.7396	1.0250	23.0258		22.1560		1.3103	5.3940	0.2638		(195, 71)	(120, 120)	(153, 192)	(238, 192)	(269, 119)			195, 70	200, 35	171, 13	126, 20	92, 51	84, 96	120, 119	90, 109	54, 147	57, 195	96, 229	138, 225	153, 192	119, 215	138, 253	190, 284	242, 261	271, 220	239, 195	251, 229	288, 234	332, 200	337, 154	311, 110	271, 119	302, 104	293, 58	257, 13	211, 11	182, 39
057-01-F		19.0882	22.9301	1.2013		3.0472	29.1710		5.5856	5.6508	0.9885	31.5635		31.1143		1.4522	6.6251	0.2271		(191, 71)	(129, 119)	(158, 192)	(229, 191)	(254, 118)			191, 71	204, 39	166, 19	117, 25	90, 71	96, 118	128, 119	97, 105	66, 139	69, 186	104, 224	152, 226	158, 190	129, 204	137, 246	182, 273	227, 263	253, 219	230, 193	236, 222	274, 221	310, 181	316, 138	286, 103	255, 118	289, 111	292, 68	265, 27	222, 18	185, 38
062-01-F		14.2014	12.0916	0.8514		2.1441	14.4427		4.1553	3.9975	1.0395	16.6111		15.7467		1.1344	4.0431	0.2799		(200, 74)	(139, 115)	(164, 182)	(237, 184)	(259, 116)			138, 115	111, 100	81, 129	83, 171	112, 207	151, 205	164, 184	137, 199	152, 233	190, 253	229, 248	259, 215	237, 187	255, 205	290, 197	313, 162	312, 126	285, 104	260, 116	283, 111	289, 79	270, 43	233, 30	201, 42	200, 73	212, 49	181, 27	144, 34	112, 66	110, 107
062-01-F		13.5391	11.2963	0.8343		2.0698	13.4585		4.0118	3.8594	1.0395	15.4831		14.7368		1.0902	3.7336	0.2774		(201, 73)	(139, 116)	(166, 184)	(236, 184)	(259, 116)			139, 116	113, 101	83, 124	81, 165	105, 203	144, 211	165, 184	142, 200	150, 233	191, 253	232, 247	257, 210	238, 186	254, 204	286, 200	311, 166	313, 130	287, 104	259, 116	281, 112	291, 81	271, 44	234, 30	199, 42	201, 74	209, 47	174, 27	135, 38	107, 76	116, 110
076-01-F		17.1490	18.0400	1.0520		2.7157	23.1691		5.2061	4.7924	1.0863	24.9498		23.7966		1.3867	6.0414	0.2608		(198, 71)	(119, 124)	(156, 203)	(242, 197)	(273, 122)			197, 72	211, 37	170, 16	120, 22	87, 60	80, 111	119, 123	80, 111	48, 148	46, 198	86, 238	137, 243	158, 203	128, 226	151, 273	206, 289	259, 266	281, 225	242, 198	253, 233	290, 237	333, 209	340, 158	316, 112	274, 123	307, 115	297, 72	277, 32	249, 227	195, 36
077-03-F		18.3521	21.8573	1.1910		2.9060	26.5298		5.4155	5.4988	0.9848	29.7787		28.8685		1.5112	7.1741	0.2704		(203, 74)	(129, 126)	(154, 202)	(237, 201)	(261, 123)			128, 126	97, 111	68, 134	69, 180	96, 226	141, 240	154, 202	128, 221	142, 253	185, 281	232, 272	263, 225	239, 202	249, 232	287, 227	320, 184	319, 140	289, 105	261, 123	293, 115	294, 71	262, 30	214, 21	182, 43	203, 71	206, 36	166, 19	121, 35	90, 76	94, 119
078-01-F		22.0054	28.5938	1.2994		3.7145	43.3466		6.2873	6.2651	1.0035	39.3909		38.7481		1.7107	9.1935	0.2121		(184, 66)	(115, 126)	(143, 205)	(225, 197)	(254, 124)			113, 126	79, 112	46, 148	49, 195	85, 234	129, 239	143, 205	121, 231	139, 269	185, 288	232, 271	255, 227	226, 203	242, 235	287, 229	315, 186	324, 163	297, 117	254, 124	291, 121	298, 77	276, 34	232, 14	187, 18	186, 64	183, 26	144, 11	98, 29	69, 71	80, 117
079-01-F		17.2143	18.7809	1.0910		2.7814	24.3045		4.9573	5.3113	0.9333	26.3297		25.2972		1.4550	6.6507	0.2736		(197, 79)	(139, 128)	(161, 202)	(241, 201)	(260, 126)			140, 128	108, 123	87, 152	84, 189	112, 217	147, 226	161, 202	141, 221	157, 252	194, 277	232, 269	260, 231	241, 203	257, 225	292, 213	318, 178	312, 140	286, 113	260, 126	291, 124	295, 88	273, 48	232, 31	195, 44	197, 79	201, 47	167, 26	123, 45	100, 86	108, 130
082-02-F		12.7051	10.5257	0.8285		2.0123	12.7217		3.8689	3.6557	1.0583	14.1435		13.8760		1.0389	3.3907	0.2665		(191, 84)	(130, 132)	(151, 195)	(215, 197)	(247, 130)			191, 86	192, 56	158, 43	117, 59	92, 97	100, 137	129, 132	104, 117	75, 146	73, 185	98, 220	140, 226	150, 196	120, 205	129, 242	171, 262	215, 255	242, 216	218, 197	233, 224	272, 218	300, 182	296, 140	269, 114	245, 131	274, 136	282, 101	264, 59	221, 43	185, 54
083-01-F		24.1228	24.1733	1.0021		3.2145	32.4623		6.0837	6.0199	1.0106	36.6235		34.1685		1.6099	8.1421	0.2508		(191, 64)	(118, 114)	(146, 190)	(235, 187)	(260, 110)			117, 114	83, 113	49, 144	46, 183	74, 217	113, 224	145, 195	128, 225	144, 270	188, 289	233, 274	252, 229	237, 189	264, 216	299, 209	324, 178	323, 142	297, 108	260, 111	282, 91	285, 55	264, 22	229, 10	196, 29	190, 64	184, 33	152, 9	115, 14	91, 48	91, 86
084-01-F		21.6694	21.7677	1.0045		2.9792	27.8839		5.6189	5.5989	1.0036	31.4594		29.2392		1.5486	7.5345	0.2702		(185, 57)	(115, 110)	(142, 193)	(230, 191)	(259, 111)			114, 110	83, 105	52, 134	48, 173	72, 211	111, 224	142, 194	121, 231	150, 271	195, 282	239, 254	263, 215	235, 195	252, 218	287, 221	320, 186	321, 146	299, 108	261, 109	286, 91	284, 57	260, 24	226, 9	195, 17	185, 55	179, 21	145, 6	105, 19	77, 56	83, 96
094-01-F		19.6807	22.7676	1.1569		3.0066	28.3979		5.6698	5.6299	1.0071	31.9203		31.4524		1.5418	7.4679	0.2630		(189, 61)	(121, 118)	(145, 198)	(232, 196)	(257, 116)			191, 59	185, 25	142, 8	99, 24	77, 64	86, 108	120, 117	86, 106	52, 141	50, 186	80, 225	127, 235	144, 202	120, 229	149, 274	196, 286	243, 263	259, 216	232, 194	246, 218	281, 222	320, 192	326, 148	293, 106	257, 116	288, 110	298, 71	281, 29	238, 8	196, 23

