005-02-F	27.4990	3.6876	42.7216	1.8954	11.2865	0.2642		(193, 60)	(121, 102)	(141, 188)	(229, 196)	(266, 112)				114, 103	76, 94	50, 128	45, 164	64, 198	100, 215	141, 187	122, 226	142, 263	176, 283	211, 276	244, 248	229, 195	256, 225	296, 218	329, 188	333, 148	311, 110	266, 111	301, 78	298, 42	267, 17	232, 9	197, 20	193, 59	194, 23	162, 6	125, 10	93, 31	84, 68	
005-03-F	29.7123	3.8763	47.2055	2.0165	12.7752	0.2706		(199, 62)	(125, 112)	(155, 200)	(246, 200)	(273, 114)				199, 61	195, 27	159, 12	123, 13	94, 43	90, 79	119, 111	83, 105	57, 140	53, 178	74, 215	112, 229	155, 200	136, 238	156, 274	194, 290	231, 282	259, 246	246, 200	279, 226	315, 217	342, 184	344, 148	326, 112	273, 114	298, 97	306, 56	280, 20	240, 8	201, 22	
010-01-F	25.4826	3.2819	33.8367	1.6338	8.3859	0.2478		(197, 68)	(123, 130)	(148, 208)	(227, 206)	(263, 130)				123, 130	84, 122	54, 155	48, 194	70, 231	109, 246	148, 207	135, 255	161, 287	195, 293	229, 281	256, 254	235, 214	265, 251	306, 235	333, 202	336, 161	310, 129	265, 130	303, 106	309, 68	281, 35	240, 17	202, 25	195, 66	176, 22	133, 11	95, 25	73, 65	79, 108	
010-02-F	26.1114	3.3422	35.0923	1.5918	7.9601	0.2268		(187, 69)	(113, 127)	(142, 203)	(225, 203)	(255, 127)				113, 127	74, 122	43, 151	40, 188	63, 223	102, 240	142, 202	127, 254	147, 289	182, 296	215, 282	246, 257	225, 203	264, 241	303, 225	325, 190	324, 151	297, 117	256, 127	293, 98	294, 58	262, 26	222, 16	188, 26	187, 68	182, 25	144, 15	100, 22	69, 55	71, 98	
018-03-F	24.0560	3.4457	37.2991	1.7890	10.0544	0.2696		(191, 58)	(118, 108)	(151, 192)	(244, 188)	(262, 110)				109, 111	77, 102	60, 135	58, 169	78, 203	112, 218	151, 192	132, 237	174, 265	183, 283	216, 266	256, 233	244, 188	276, 207	306, 189	318, 155	315, 142	301, 108	262, 109	298, 96	285, 58	270, 21	232, 14	194, 20	190, 57	184, 19	146, 13	108, 16	86, 51	81, 89	
017-01-F	24.7072	3.6284	41.3594	1.6998	9.0771	0.2195		(177, 70)	(114, 126)	(139, 190)	(224, 190)	(249, 120)				177, 69	171, 28	133, 12	93, 35	63, 66	71, 106	113, 126	73, 118	41, 152	44, 193	75, 228	115, 226	139, 190	106, 225	131, 269	178, 284	225, 272	251, 228	224, 190	239, 222	279, 233	316, 196	321, 152	296, 111	249, 120	287, 101	293, 58	257, 22	214, 7	175, 26	
017-02-F	31.3409	4.6030	66.5616	2.1278	14.2239	0.2137		(163, 68)	(99, 122)	(126, 190)	(207, 188)	(229, 122)				163, 67	160, 25	124, 11	84, 25	55, 64	60, 105	98, 122	63, 117	30, 149	22, 191	53, 229	94, 231	125, 191	91, 230	119, 268	162, 284	206, 272	233, 232	208, 188	225, 224	266, 219	295, 188	295, 154	274, 119	231, 119	269, 104	271, 64	243, 24	204, 8	171, 25	
018-04-F	20.2633	3.0194	28.6418	1.6982	9.0602	0.3163		(204, 54)	(126, 106)	(154, 194)	(250, 200)	(281, 106)				204, 46	191, 11	153, 11	115, 16	98, 53	90, 91	126, 105	89, 97	64, 128	57, 165	79, 202	115, 223	154, 194	132, 233	168, 271	207, 277	246, 261	273, 222	250, 200	264, 223	305, 219	336, 182	340, 142	321, 102	281, 105	318, 99	308, 61	292, 23	254, 7	216, 12	
023-03-F	20.5259	3.0294	28.8320	1.5949	7.9912	0.2772		(188, 68)	(120, 108)	(144, 190)	(236, 192)	(258, 112)				120, 107	84, 97	56, 132	54, 168	73, 198	109, 213	143, 190	123, 225	150, 265	183, 276	223, 266	255, 231	236, 192	262, 222	300, 207	324, 173	321, 135	296, 101	258, 112	289, 88	285, 54	262, 28	229, 22	195, 30	189, 67	182, 30	145, 12	111, 22	88, 56	85, 92	
023-04-F	21.4037	3.1863	31.8956	1.6452	8.5030	0.2666		(185, 64)	(115, 114)	(145, 200)	(231, 196)	(253, 114)				185, 63	181, 25	143, 14	105, 22	77, 55	79, 93	115, 113	77, 103	51, 136	51, 174	76, 209	114, 227	145, 200	125, 231	149, 269	188, 283	227, 273	252, 236	231, 196	258, 223	294, 206	318, 176	317, 140	296, 105	253, 114	292, 96	289, 59	265, 26	229, 15	192, 25	
024-04-F	17.3488	2.7344	23.4900	1.4364	6.4817	0.2759		(186, 71)	(112, 125)	(150, 213)	(234, 201)	(256, 123)				112, 126	72, 120	49, 166	58, 216	102, 246	153, 255	150, 213	121, 234	150, 265	191, 272	232, 267	262, 229	234, 201	252, 234	296, 222	320, 181	319, 139	288, 101	256, 123	276, 131	296, 93	276, 47	231, 23	181, 28	187, 71	192, 31	145, 19	105, 36	74, 75	78, 117	
024-01-F	19.3319	2.8311	25.1794	1.5529	7.5757	0.3009		(203, 73)	(127, 121)	(161, 209)	(247, 207)	(275, 123)				127, 121	84, 124	65, 166	74, 209	111, 243	154, 253	160, 209	134, 240	164, 264	201, 287	239, 276	268, 248	247, 207	278, 240	317, 218	339, 179	327, 139	308, 106	276, 122	308, 106	301, 61	268, 23	223, 14	184, 38	202, 72	214, 38	174, 16	135, 28	97, 57	86, 99	
042-01-F	26.9617	3.5357	39.2725	1.8302	10.5230	0.2679		(187, 66)	(115, 122)	(145, 198)	(225, 200)	(247, 122)				115, 122	75, 120	49, 154	48, 185	75, 224	115, 236	146, 199	121, 231	142, 272	179, 285	216, 280	248, 251	225, 199	262, 235	299, 222	317, 185	313, 148	288, 115	247, 121	284, 100	287, 63	260, 36	223, 15	189, 25	187, 65	176, 24	139, 12	103, 30	76, 60	79, 98	
045-01-F	27.0161	3.3138	34.4987	1.6657	8.7167	0.2527		(199, 70)	(131, 122)	(159, 196)	(237, 196)	(271, 122)				131, 122	94, 117	64, 145	60, 182	85, 214	122, 227	159, 197	147, 234	164, 271	203, 286	240, 271	256, 236	237, 196	271, 223	305, 215	328, 185	330, 151	306, 124	272, 122	305, 94	306, 58	276, 23	240, 15	208, 29	199, 70	192, 31	158, 7	120, 26	90, 56	93, 95	
050-03-F	20.7413	3.1547	31.2655	1.7748	9.8963	0.3165		(193, 56)	(125, 114)	(145, 198)	(245, 202)	(263, 114)				192, 55	179, 17	142, 14	110, 33	99, 70	89, 112	124, 114	98, 90	65, 126	61, 165	73, 203	107, 231	145, 200	122, 237	154, 269	190, 283	228, 271	257, 241	245, 202	279, 216	314, 193	322, 156	313, 119	288, 91	264, 114	297, 107	290, 66	278, 29	238, 25	0, 0	
050-04-F	21.4636	3.0739	29.6853	1.7760	9.9093	0.3338		(179, 62)	(107, 118)	(131, 206)	(231, 204)	(253, 114)				106, 118	82, 97	47, 133	48, 172	65, 207	104, 234	131, 206	120, 238	148, 272	184, 284	219, 272	244, 241	232, 205	267, 219	302, 202	309, 165	309, 128	289, 95	254, 113	285, 108	276, 70	260, 41	229, 21	196, 21	179, 53	168, 16	130, 22	97, 40	76, 76	75, 117	
053-01-F	20.3123	3.0979	30.1505	1.6544	8.5990	0.2852		(179, 60)	(119, 110)	(137, 192)	(219, 190)	(241, 110)				118, 112	86, 94	62, 125	56, 161	68, 196	104, 216	136, 192	122, 211	135, 248	170, 270	208, 264	239, 231	220, 190	247, 220	281, 200	299, 166	296, 132	273, 104	243, 109	269, 98	275, 62	257, 29	222, 15	186, 20	180, 59	176, 22	140, 15	103, 26	83, 60	82, 98	
053-02-F	22.7018	3.2164	32.5007	1.6635	8.6933	0.2675		(193, 70)	(113, 110)	(145, 198)	(235, 198)	(267, 120)				112, 110	71, 105	45, 139	35, 176	64, 214	107, 241	145, 199	112, 242	144, 270	186, 292	226, 275	261, 246	236, 198	262, 238	306, 231	330, 192	335, 148	313, 107	268, 119	306, 95	299, 54	264, 30	239, 11	197, 26	193, 69	206, 30	167, 4	127, 12	87, 36	75, 79	
055-02-F	21.9925	3.1734	31.6382	1.6729	8.7921	0.2779		(193, 72)	(115, 114)	(147, 198)	(235, 198)	(267, 116)				114, 114	74, 107	50, 139	50, 180	69, 220	109, 238	147, 198	118, 237	148, 268	190, 289	231, 268	260, 235	236, 198	266, 235	304, 220	328, 185	330, 146	312, 108	268, 116	302, 89	291, 49	256, 16	217, 11	180, 30	193, 71	202, 29	162, 7	123, 12	86, 41	77, 83	
056-01-F	16.6269	2.5835	20.9683	1.3281	5.5410	0.2643		(195, 70)	(121, 116)	(151, 192)	(235, 194)	(269, 118)				195, 69	196, 28	158, 15	117, 21	90, 56	84, 96	120, 116	82, 111	53, 147	55, 187	80, 219	122, 230	150, 192	119, 229	153, 266	198, 286	242, 261	273, 225	236, 194	254, 235	298, 232	333, 194	337, 152	313, 111	270, 118	305, 98	293, 58	263, 18	224, 10	188, 29	
062-01-F	14.4384	2.1821	14.9592	1.1406	4.0868	0.2732		(199, 74)	(140, 117)	(165, 183)	(236, 184)	(259, 115)				139, 116	105, 100	80, 130	81, 166	101, 202	138, 212	164, 183	136, 207	161, 241	196, 253	232, 247	259, 215	236, 184	261, 205	293, 195	312, 163	313, 131	292, 103	262, 118	288, 98	287, 67	263, 38	231, 29	198, 36	199, 73	204, 40	171, 28	138, 36	112, 65	109, 100	
005-02-F_x	27.3823	3.6876	42.7216	1.9049	11.3992	0.2668		(191, 58)	(119, 104)	(143, 186)	(229, 196)	(265, 110)				118, 104	81, 93	52, 125	45, 163	65, 199	103, 215	143, 185	122, 226	144, 265	179, 280	217, 271	245, 239	229, 195	265, 228	303, 218	329, 183	333, 145	310, 109	265, 109	299, 83	299, 46	270, 17	234, 9	197, 19	196, 55	188, 15	154, 9	117, 10	90, 39	86, 76	
005-02-F_y
031-01-F_x	25.2160	3.0889	29.9745	1.5268	7.3238	0.2443		(204, 68)	(132, 114)	(154, 198)	(244, 200)	(266, 118)				131, 114	95, 107	63, 137	58, 175	76, 210	114, 229	153, 198	137, 238	159, 276	197, 295	230, 282	263, 247	244, 200	281, 224	318, 215	340, 179	332, 142	305, 111	266, 118	291, 88	299, 53	275, 28	240, 18	209, 29	204, 68	197, 30	164, 11	126, 19	98, 49	99, 87	
031-01-F_y
036-01-F_x	19.8899	3.0755	29.7159	1.6807	8.8745	0.2986		(188, 59)	(122, 127)	(148, 207)	(234, 203)	(256, 119)				188, 58	178, 17	136, 15	96, 38	75, 78	87, 118	121, 127	94, 119	62, 145	57, 185	73, 224	113, 246	148, 207	129, 250	156, 277	192, 282	228, 270	254, 241	235, 203	260, 234	296, 216	316, 183	319, 147	296, 112	257, 119	297, 109	303, 68	280, 27	239, 10	198, 19	
036-01-F_y
055-01-F_x	22.7660	3.2440	33.0611	1.6771	8.8358	0.2673		(194, 68)	(112, 112)	(144, 198)	(234, 196)	(266, 118)				111, 112	69, 105	45, 140	35, 176	63, 214	105, 241	144, 200	112, 243	146, 271	187, 292	226, 275	260, 247	234, 197	271, 242	314, 225	332, 188	334, 145	311, 106	267, 118	305, 96	301, 57	268, 30	237, 11	199, 25	195, 67	203, 25	164, 4	126, 12	87, 36	75, 78	
055-01-F_y
057-01-F_x	19.1748	3.0663	29.5384	1.4935	7.0073	0.2372		(191, 70)	(127, 120)	(157, 190)	(227, 194)	(255, 118)				191, 70	199, 33	158, 18	117, 25	89, 63	90, 104	127, 115	92, 109	65, 142	67, 178	85, 214	121, 229	157, 190	128, 215	152, 257	187, 273	222, 266	250, 234	227, 194	261, 225	295, 203	314, 169	315, 135	292, 102	256, 119	291, 99	292, 59	263, 25	223, 17	183, 33	
057-01-F_y
076-01-F_x	17.4546	2.7648	24.0139	1.4081	6.2288	0.2594		(197, 74)	(119, 122)	(155, 200)	(241, 196)	(273, 122)				196, 73	204, 30	162, 16	118, 22	86, 56	78, 100	119, 122	74, 108	47, 150	45, 195	78, 234	124, 243	155, 200	124, 231	154, 275	198, 289	241, 281	276, 234	241, 196	240, 228	298, 235	334, 206	340, 160	323, 114	273, 122	309, 104	294, 65	273, 31	343, 165	197, 33	
076-01-F_y
077-03-F_x	20.1647	3.1530	31.2320	1.6520	8.5735	0.2745		(201, 77)	(127, 127)	(153, 203)	(237, 201)	(265, 129)				126, 127	104, 109	67, 138	69, 183	96, 227	144, 244	152, 202	125, 227	156, 272	195, 281	234, 271	264, 234	238, 201	258, 233	296, 219	321, 181	320, 142	298, 104	266, 129	296, 102	292, 60	258, 27	216, 21	185, 38	201, 76	206, 35	166, 19	124, 32	91, 71	96, 120	
077_03_F_y
079-01-F_x	17.5306	2.8278	25.1209	1.4650	6.7424	0.2684		(197, 78)	(137, 126)	(161, 200)	(239, 200)	(259, 126)				136, 130	105, 121	87, 152	82, 185	103, 212	136, 229	161, 200	141, 226	163, 259	199, 278	234, 267	260, 231	239, 201	261, 225	293, 212	318, 181	314, 148	298, 115	260, 126	296, 112	291, 75	263, 39	226, 31	205, 44	196, 77	189, 44	166, 26	127, 43	100, 77	101, 117	
079-01-F_y
079-02-F_x	18.2480	2.9032	26.4795	1.4554	6.6548	0.2513		(195, 66)	(131, 114)	(157, 194)	(241, 192)	(261, 110)				130, 115	99, 94	80, 128	65, 167	85, 202	124, 222	157, 194	133, 224	160, 260	196, 277	232, 265	263, 228	242, 192	266, 222	302, 205	322, 172	323, 136	299, 100	262, 111	295, 90	293, 51	264, 20	227, 14	188, 24	195, 65	204, 28	166, 12	127, 20	94, 54	95, 94	
079-02-F_y
082-02-F_x	12.9885	2.0566	13.2873	1.0487	3.4547	0.2600		(189, 86)	(127, 134)	(153, 194)	(219, 194)	(247, 134)				189, 85	187, 50	153, 43	118, 57	92, 90	94, 128	126, 137	100, 113	72, 152	72, 190	102, 222	144, 227	152, 194	120, 203	131, 245	169, 262	208, 258	244, 227	220, 194	240, 224	276, 216	300, 184	299, 149	277, 112	248, 134	281, 123	280, 83	253, 52	217, 43	184, 49	
082-02-F_y
082-03-F_x	12.9109	2.0292	12.9365	1.0874	3.7147	0.2871		(195, 84)	(131, 126)	(155, 188)	(223, 190)	(251, 130)				195, 84	199, 54	166, 45	130, 54	103, 85	107, 124	130, 127	120, 109	87, 131	80, 166	98, 200	137, 215	154, 189	127, 207	147, 247	183, 252	218, 251	246, 221	223, 190	234, 213	274, 211	296, 183	298, 151	285, 120	252, 130	285, 124	287, 89	263, 57	228, 46	195, 54	
082-03-F_y
083-01-F_x	23.7677	3.1744	31.6579	1.6029	8.0712	0.2550		(189, 64)	(117, 114)	(147, 190)	(235, 188)	(261, 110)				116, 114	81, 114	49, 144	45, 181	70, 215	107, 225	146, 191	127, 236	151, 277	193, 289	235, 272	252, 230	235, 189	269, 217	303, 207	325, 175	322, 140	296, 107	262, 110	286, 83	284, 50	262, 21	229, 10	197, 26	188, 63	182, 28	149, 8	112, 17	90, 49	90, 85	
083-01-F_y
083-02-F_x	25.0318	3.3078	34.3748	1.6935	9.0099	0.2621		(185, 64)	(113, 120)	(145, 196)	(229, 190)	(257, 112)				112, 120	77, 122	52, 151	49, 187	74, 218	109, 225	145, 196	130, 240	153, 279	193, 290	233, 270	250, 230	229, 190	265, 221	297, 213	324, 184	322, 148	298, 115	257, 112	281, 85	282, 51	259, 21	225, 12	192, 28	184, 63	175, 27	141, 9	108, 18	83, 51	83, 88	
083-02-F_y
084-01-F_x	21.7762	2.9930	28.1418	1.5563	7.6089	0.2704		(183, 54)	(113, 112)	(141, 192)	(229, 190)	(259, 110)				112, 112	77, 106	50, 137	48, 173	69, 209	105, 224	140, 193	120, 234	148, 270	188, 283	227, 264	260, 231	230, 190	264, 224	301, 212	323, 176	319, 139	295, 107	260, 110	286, 90	283, 56	259, 23	225, 9	195, 18	183, 53	177, 17	140, 7	104, 19	78, 53	79, 89	
084-01-F_y
091-02-F_x	19.1053	2.6664	22.3354	1.3237	5.5047	0.2465		(187, 70)	(133, 120)	(155, 194)	(229, 194)	(249, 118)				132, 120	100, 102	74, 131	67, 167	86, 198	120, 217	154, 194	127, 228	145, 267	185, 279	224, 271	248, 234	230, 194	261, 219	297, 210	321, 175	316, 138	288, 106	250, 119	285, 101	276, 67	272, 32	237, 24	201, 35	186, 69	179, 36	144, 23	112, 33	95, 67	100, 102	
091-02-F_y
106-01-F_x	26.1249	3.7743	44.7531	1.9016	11.3598	0.2538		(188, 63)	(114, 123)	(148, 197)	(234, 205)	(258, 129)				113, 124	78, 102	47, 129	43, 171	61, 213	103, 227	148, 197	129, 241	153, 278	182, 287	222, 281	253, 249	234, 205	275, 231	316, 212	330, 172	326, 130	291, 111	259, 129	293, 123	308, 75	290, 32	248, 16	206, 25	187, 62	167, 24	124, 13	81, 29	64, 72	73, 115	
106-01-F_y
106-02-F_x	24.9220	3.5275	39.0923	1.8091	10.2820	0.2630		(188, 60)	(114, 126)	(156, 206)	(242, 208)	(274, 130)				114, 126	72, 117	40, 146	52, 192	76, 221	121, 230	156, 206	138, 240	164, 275	199, 292	239, 283	272, 251	242, 208	282, 232	320, 214	332, 182	338, 143	317, 107	274, 129	310, 102	309, 61	287, 23	246, 11	205, 15	188, 59	181, 14	135, 12	89, 20	65, 62	75, 108	
106-02-F_y
107-02-F_x	24.8071	3.2837	33.8752	2.0961	13.8028	0.4075		(165, 46)	(79, 120)	(119, 216)	(225, 212)	(259, 110)				79, 120	48, 126	35, 155	34, 186	56, 215	85, 231	119, 216	115, 251	141, 278	175, 286	209, 279	236, 249	225, 212	257, 226	289, 211	303, 180	306, 148	291, 120	259, 110	285, 86	278, 55	259, 27	228, 13	197, 16	165, 45	142, 15	107, 14	76, 34	56, 65	49, 99	
107-02-F_y
107-03-F_x	23.4486	3.1241	30.6627	1.9233	11.6214	0.3790		(191, 50)	(107, 118)	(147, 210)	(239, 210)	(273, 118)				107, 118	76, 127	62, 155	64, 186	82, 216	111, 232	147, 210	140, 241	161, 270	192, 283	223, 271	251, 246	239, 209	269, 230	297, 215	317, 187	319, 157	306, 128	273, 118	297, 88	292, 56	268, 30	236, 16	204, 17	191, 49	173, 18	143, 13	109, 25	88, 56	80, 90	
107-03-F_y
112-02-F_x	20.0245	3.1750	31.6696	1.7155	9.2451	0.2919		(185, 66)	(119, 126)	(147, 208)	(237, 200)	(261, 114)				119, 125	81, 116	57, 146	58, 185	82, 222	121, 244	147, 208	123, 242	156, 270	195, 280	234, 270	265, 235	237, 200	263, 233	305, 214	323, 174	325, 134	300, 103	261, 114	301, 106	303, 66	275, 25	231, 18	187, 22	185, 65	184, 22	142, 22	98, 32	74, 76	75, 117	
112-02-F_y
118-04-F_x	16.7673	2.7079	23.0359	1.5043	7.1096	0.3086		(179, 58)	(105, 110)	(137, 196)	(231, 193)	(257, 105)				104, 110	75, 89	50, 126	43, 161	59, 199	94, 219	136, 197	121, 227	152, 250	181, 266	212, 254	241, 226	232, 194	268, 218	304, 194	325, 158	314, 121	290, 86	258, 107	292, 95	284, 56	261, 25	224, 21	187, 21	179, 57	175, 19	136, 20	101, 23	76, 58	69, 100	
118-04-F_y
127-01-F_x	20.5942	3.2864	33.9297	1.8967	11.3016	0.3331		(181, 51)	(91, 115)	(125, 223)	(231, 219)	(263, 121)				181, 51	168, 26	134, 22	100, 28	84, 62	68, 95	91, 114	53, 116	30, 153	29, 191	44, 228	82, 242	125, 222	125, 263	157, 280	191, 286	225, 276	253, 251	231, 219	252, 254	295, 247	329, 212	333, 169	312, 126	264, 121	298, 110	295, 71	278, 32	241, 8	205, 17	
127-01-F_y
143-01-F_x	20.7344	3.2417	33.0138	1.5976	8.0182	0.2429		(195, 72)	(123, 118)	(155, 200)	(235, 198)	(265, 124)				122, 119	84, 91	54, 135	51, 177	73, 224	118, 244	155, 201	130, 247	166, 281	207, 289	246, 261	259, 221	236, 198	246, 231	287, 236	322, 198	323, 154	305, 111	265, 123	300, 111	310, 74	290, 31	249, 10	206, 16	196, 71	190, 16	149, 5	107, 21	81, 61	82, 106	
143-01-F_y
143-02-F_x	20.4568	3.1780	31.7298	1.6228	8.2728	0.2607		(185, 66)	(115, 118)	(135, 200)	(227, 206)	(257, 126)				185, 65	176, 27	136, 17	96, 29	72, 68	70, 108	114, 116	76, 108	47, 138	41, 176	55, 214	93, 235	135, 200	112, 244	140, 279	175, 293	210, 286	243, 255	227, 206	259, 245	297, 227	321, 187	321, 147	299, 111	258, 125	296, 104	290, 63	268, 23	227, 10	185, 25	
143-02-F_y
147-01-F_x	21.7525	3.1662	31.4935	1.7499	9.6203	0.3055		(183, 68)	(113, 116)	(141, 192)	(221, 192)	(245, 118)				183, 67	181, 34	148, 22	115, 35	86, 61	84, 94	112, 116	81, 116	59, 144	61, 176	77, 208	109, 223	141, 193	128, 237	157, 262	187, 267	217, 256	237, 229	221, 193	248, 219	275, 203	293, 174	293, 145	279, 116	246, 118	276, 104	275, 72	250, 43	219, 23	189, 35	
147-01-F_y
147-02-F_x	24.5685	3.4388	37.1497	1.8382	10.6155	0.2857		(171, 66)	(97, 114)	(127, 196)	(213, 202)	(241, 118)				171, 65	164, 28	128, 20	94, 23	71, 58	60, 95	96, 114	59, 109	37, 144	31, 182	53, 217	91, 231	126, 198	103, 237	126, 271	165, 283	204, 280	237, 244	214, 202	250, 234	280, 216	302, 182	299, 145	280, 111	242, 118	275, 96	271, 61	239, 30	205, 11	178, 30	
147-02-F_y
153-01-F_x	27.8187	3.4587	37.5806	1.7992	10.1697	0.2706		(195, 66)	(117, 116)	(149, 196)	(235, 198)	(269, 120)				195, 66	193, 26	156, 12	117, 20	84, 47	82, 87	117, 116	78, 111	51, 143	47, 182	72, 219	111, 232	149, 196	130, 235	144, 273	182, 285	220, 283	252, 253	235, 197	272, 240	310, 225	333, 188	334, 150	310, 117	269, 120	305, 95	308, 57	285, 23	247, 10	210, 28	
153-01-F_y
153-02-F_x	26.7141	3.1617	31.4040	1.6926	9.0003	0.2866		(189, 68)	(119, 116)	(143, 194)	(229, 194)	(263, 118)				119, 115	85, 110	57, 137	55, 171	72, 205	106, 221	143, 194	125, 234	146, 272	186, 281	226, 272	250, 235	229, 194	258, 230	294, 218	316, 186	324, 150	303, 120	263, 118	294, 86	290, 52	261, 30	228, 16	197, 31	189, 68	180, 32	148, 14	117, 29	87, 52	84, 88	
153-02-F_y
155-02-F_x	24.7647	3.6359	41.5317	1.8887	11.2069	0.2698		(185, 64)	(113, 120)	(145, 198)	(231, 198)	(257, 114)				112, 120	73, 113	49, 150	48, 189	76, 220	115, 233	145, 199	124, 233	149, 272	189, 284	229, 271	256, 234	232, 198	262, 224	297, 210	323, 176	320, 139	299, 106	258, 114	293, 96	296, 57	269, 22	230, 12	191, 19	185, 63	178, 24	141, 10	101, 22	74, 58	76, 98	
155-02-F_y
155-03-F_x	24.0595	3.4580	37.5672	1.8445	10.6878	0.2845		(189, 64)	(109, 124)	(145, 200)	(233, 202)	(267, 122)				109, 124	68, 121	44, 160	47, 201	81, 228	122, 242	145, 200	125, 235	146, 273	185, 289	224, 280	255, 246	233, 203	269, 233	305, 217	332, 184	331, 148	308, 116	267, 122	302, 100	303, 59	273, 23	232, 13	191, 22	190, 64	182, 23	141, 7	100, 23	71, 59	72, 100	
155-03-F_y
157-01-F_x	22.1147	3.1339	30.8545	1.7520	9.6434	0.3125		(191, 72)	(117, 112)	(145, 196)	(227, 196)	(259, 120)				117, 111	83, 106	66, 139	60, 173	76, 204	106, 217	144, 197	137, 233	156, 260	186, 265	216, 258	242, 234	227, 197	261, 222	294, 206	315, 180	314, 147	292, 118	259, 120	288, 101	285, 70	264, 44	233, 33	203, 42	190, 71	183, 41	155, 30	124, 34	96, 60	86, 93	
157-01-F_y
157-02-F_x	25.0545	3.3815	35.9226	1.8384	10.6177	0.2956		(187, 60)	(111, 108)	(137, 194)	(225, 204)	(257, 118)				111, 108	75, 111	50, 140	44, 176	66, 211	101, 221	137, 194	119, 231	140, 259	172, 271	204, 272	232, 249	225, 204	261, 232	297, 218	318, 183	317, 147	294, 122	258, 118	286, 104	298, 69	282, 33	246, 20	210, 23	187, 59	176, 27	142, 17	111, 22	82, 50	78, 84	
157-02-F_y
160-02-F_x	21.8025	3.0857	29.9122	1.7502	9.6231	0.3217		(193, 62)	(111, 114)	(137, 210)	(241, 210)	(267, 118)				110, 114	71, 99	54, 138	53, 179	68, 220	102, 242	137, 211	108, 243	145, 277	185, 285	226, 271	267, 250	241, 210	265, 240	305, 215	316, 178	317, 141	308, 107	267, 118	304, 103	297, 69	271, 33	244, 12	208, 24	193, 61	186, 22	146, 14	107, 36	86, 72	69, 104	
160-02-F_y
160-03-F_x	21.1801	3.0119	28.4985	1.7242	9.3390	0.3277		(199, 70)	(119, 130)	(151, 220)	(247, 216)	(279, 126)				118, 130	80, 123	64, 150	69, 188	76, 226	114, 251	150, 222	130, 270	168, 287	207, 290	246, 282	274, 252	247, 216	275, 245	307, 230	329, 195	326, 158	316, 124	279, 127	304, 93	287, 59	269, 32	235, 27	204, 33	198, 69	192, 27	155, 12	126, 40	89, 79	76, 119	
160-03-F_y
161-01-F_x	16.9189	2.7385	23.5603	1.3789	5.9729	0.2535		(191, 77)	(125, 117)	(153, 187)	(229, 179)	(253, 119)				124, 117	90, 104	66, 137	62, 172	80, 206	115, 222	153, 188	132, 228	169, 250	206, 250	243, 235	260, 199	229, 180	234, 218	277, 216	311, 189	320, 150	297, 109	255, 119	287, 102	286, 69	256, 48	222, 36	194, 42	192, 76	188, 42	159, 28	126, 39	95, 62	93, 97	
161-01-F_y
163-01-F_x	18.8589	2.8925	26.2849	1.6183	8.2279	0.3130		(181, 75)	(113, 115)	(143, 191)	(221, 191)	(253, 121)				112, 115	77, 100	55, 133	53, 169	76, 201	110, 218	142, 195	116, 219	141, 251	176, 262	211, 256	244, 228	222, 191	238, 220	273, 211	299, 181	303, 145	290, 110	253, 121	282, 94	270, 59	236, 32	201, 30	179, 47	181, 74	197, 53	179, 30	139, 28	99, 50	81, 89	
163-01-F_y
165-03-F_x	18.1018	2.7418	23.6160	1.4634	6.7283	0.2849		(187, 79)	(129, 123)	(149, 197)	(219, 195)	(245, 125)				128, 123	99, 116	77, 143	75, 174	87, 205	118, 222	149, 197	133, 235	161, 265	196, 267	231, 252	244, 218	220, 195	234, 222	268, 222	296, 191	299, 157	282, 124	246, 125	274, 116	273, 85	257, 54	227, 42	196, 45	187, 78	184, 47	153, 39	119, 49	98, 81	98, 115	
165-03-F_y
176-01-F_x	19.7925	2.9276	26.9265	1.5757	7.7999	0.2897		(193, 55)	(117, 107)	(149, 187)	(237, 185)	(265, 109)				116, 107	78, 101	53, 137	57, 173	79, 211	118, 221	150, 189	126, 222	153, 256	189, 269	226, 257	256, 223	236, 186	265, 215	303, 207	323, 169	328, 131	306, 95	266, 109	300, 86	298, 48	268, 15	230, 5	192, 13	193, 54	185, 15	145, 4	112, 16	80, 50	79, 90	
176-01-F_y
176-03-F_x	19.5705	2.9989	28.2532	1.5277	7.3325	0.2595		(205, 65)	(127, 115)	(153, 197)	(241, 197)	(273, 121)				126, 115	97, 97	57, 131	49, 175	72, 218	116, 237	152, 198	124, 239	156, 280	199, 292	242, 277	272, 237	241, 198	269, 233	309, 222	336, 185	340, 145	315, 107	274, 124	311, 104	314, 64	286, 27	246, 15	206, 20	208, 63	196, 20	157, 9	114, 23	88, 62	94, 107	
176-03-F_y
178-01-F_x	16.8647	2.6721	22.4314	1.3095	5.3868	0.2401		(187, 81)	(115, 125)	(149, 197)	(231, 195)	(259, 123)				115, 126	84, 103	51, 141	42, 185	58, 219	102, 240	149, 197	119, 250	157, 281	199, 285	241, 268	265, 227	231, 196	251, 239	297, 230	329, 193	329, 149	301, 109	260, 123	299, 111	297, 67	256, 33	213, 23	181, 33	187, 80	189, 31	154, 21	105, 31	70, 70	74, 120	
178-01-F_y
178-02-F_x	18.3459	2.9498	27.3368	1.4240	6.3706	0.2330		(191, 83)	(121, 131)	(151, 203)	(235, 203)	(263, 129)				121, 131	87, 118	57, 153	51, 195	70, 236	112, 252	150, 205	125, 260	171, 284	217, 280	263, 255	254, 213	236, 203	256, 245	302, 239	336, 204	338, 159	310, 116	264, 129	303, 118	307, 74	276, 40	233, 31	191, 34	192, 82	189, 37	153, 26	107, 40	76, 80	82, 125	
178-02-F_y
194-01-F_x	20.5341	3.1370	30.9151	1.6286	8.3330	0.2695		(201, 59)	(127, 111)	(155, 197)	(239, 198)	(275, 114)				126, 111	87, 98	60, 133	58, 174	78, 210	117, 231	155, 197	122, 231	147, 272	191, 288	234, 277	267, 238	240, 200	265, 228	312, 215	337, 175	338, 131	313, 93	276, 114	307, 87	308, 44	271, 16	228, 13	187, 26	202, 58	198, 19	159, 6	122, 15	92, 50	91, 90	
194-01-F_y
194-02-F_x	20.4380	3.2252	32.6794	1.6823	8.8913	0.2721		(199, 62)	(123, 108)	(143, 198)	(243, 200)	(269, 114)				122, 108	92, 87	58, 117	48, 157	65, 195	101, 228	143, 198	123, 248	164, 282	201, 288	242, 272	271, 236	244, 200	271, 232	311, 212	334, 171	336, 130	309, 95	270, 114	306, 94	303, 54	273, 18	233, 10	203, 21	200, 61	195, 21	162, 6	120, 12	93, 48	87, 91	
194-02-F_y
206-03-F_x	16.5849	2.5053	19.7184	1.3096	5.3882	0.2733		(181, 66)	(119, 122)	(147, 200)	(229, 198)	(255, 116)				179, 65	188, 31	154, 22	119, 29	93, 61	90, 96	118, 122	86, 116	62, 144	57, 176	80, 207	112, 223	147, 200	125, 238	149, 273	185, 287	220, 276	250, 244	229, 197	263, 227	295, 205	315, 173	314, 139	294, 108	255, 115	285, 91	281, 56	255, 27	220, 19	189, 31	
206-03-F_y
213-01-F_x	18.1894	2.7591	23.9153	1.4120	6.2634	0.2619		(189, 56)	(119, 116)	(143, 192)	(227, 194)	(253, 116)				189, 55	187, 15	144, 10	101, 25	73, 65	75, 109	118, 116	81, 95	47, 135	41, 177	68, 215	110, 227	143, 193	114, 228	137, 270	180, 287	223, 278	255, 237	228, 194	258, 231	298, 219	324, 185	321, 145	297, 105	254, 117	297, 118	306, 74	284, 31	241, 9	202, 14	
213-01-F_y
214-04-F_x	19.4898	2.9943	28.1665	1.5421	7.4712	0.2653		(185, 58)	(115, 112)	(141, 192)	(223, 194)	(257, 116)				115, 112	76, 103	46, 133	41, 172	66, 208	105, 228	140, 197	109, 225	137, 254	170, 270	203, 262	236, 240	225, 196	257, 232	294, 216	314, 181	315, 144	297, 109	257, 116	297, 95	285, 53	261, 15	219, 15	183, 28	185, 58	188, 30	154, 9	114, 20	78, 51	76, 92	
214-04-F_y
227-05-F_x	18.2006	2.8362	25.2713	1.4308	6.4316	0.2545		(185, 67)	(121, 123)	(147, 191)	(231, 193)	(251, 121)				120, 123	84, 113	58, 148	57, 185	77, 217	114, 231	147, 192	115, 220	141, 266	181, 277	221, 273	254, 235	231, 194	257, 228	294, 214	319, 178	315, 141	289, 108	251, 121	290, 107	288, 67	264, 31	227, 15	187, 20	186, 66	186, 27	151, 17	112, 30	84, 66	86, 105	
227-05-F_y
227-06-F_x	17.0807	2.6788	22.5436	1.2746	5.1041	0.2264		(199, 57)	(135, 101)	(159, 177)	(237, 177)	(261, 103)				134, 102	101, 87	72, 119	66, 156	83, 192	120, 212	159, 178	125, 208	153, 253	197, 266	241, 258	272, 217	238, 177	261, 212	302, 203	325, 169	325, 131	301, 95	262, 103	299, 90	296, 51	275, 15	236, 4	199, 15	199, 56	200, 17	163, 4	125, 14	96, 48	97, 88	
227-06-F_y
228-01-F_x	23.8206	3.7647	44.5259	1.6978	9.0561	0.2034		(179, 69)	(125, 125)	(145, 197)	(223, 195)	(241, 119)				178, 68	171, 19	120, 11	73, 36	60, 87	78, 137	124, 126	82, 110	50, 153	47, 200	80, 239	128, 245	144, 198	115, 227	137, 272	180, 294	223, 284	254, 242	223, 195	260, 235	300, 217	316, 178	311, 138	274, 98	241, 119	288, 113	301, 65	277, 24	229, 9	183, 21	
228-01-F_y
228-02-F_x	25.9594	4.0110	50.5423	1.7311	9.4145	0.1863		(181, 77)	(121, 129)	(145, 199)	(225, 195)	(245, 123)				120, 129	78, 114	45, 155	48, 199	75, 238	119, 244	144, 201	116, 240	144, 283	188, 289	231, 278	258, 234	225, 196	243, 242	290, 235	320, 198	324, 153	290, 117	246, 124	294, 117	302, 70	275, 24	225, 11	178, 27	181, 76	182, 27	136, 8	88, 21	57, 65	71, 117	
228-02-F_y
229-01-F_x	24.1159	2.9211	26.8071	1.5393	7.4438	0.2777		(187, 83)	(121, 133)	(149, 203)	(225, 201)	(251, 133)				121, 133	91, 132	72, 156	72, 185	88, 215	117, 226	149, 203	139, 236	156, 267	189, 276	220, 263	240, 237	225, 200	251, 228	281, 218	299, 190	298, 160	281, 133	251, 132	277, 110	276, 79	258, 53	227, 44	198, 50	187, 83	178, 49	146, 37	113, 46	93, 70	91, 104	
229-01-F_y
229-02-F_x	32.1470	4.3960	60.7097	2.4155	18.3303	0.3019		(155, 71)	(103, 129)	(127, 197)	(205, 193)	(223, 121)				155, 70	148, 42	117, 37	87, 47	67, 75	73, 106	102, 129	73, 119	47, 142	41, 174	60, 203	92, 220	127, 197	117, 234	136, 261	168, 267	200, 259	222, 231	206, 194	234, 220	263, 204	282, 174	278, 143	257, 113	223, 120	250, 99	250, 67	228, 40	198, 31	169, 39	
229-02-F_y
233-03-F_x	19.4808	2.9593	27.5128	1.5676	7.7196	0.2806		(185, 67)	(111, 115)	(143, 193)	(229, 193)	(257, 115)				183, 66	188, 28	153, 13	113, 24	79, 49	75, 89	111, 115	76, 109	54, 143	51, 178	72, 212	107, 225	143, 192	120, 238	154, 272	193, 279	228, 258	254, 226	230, 194	253, 228	292, 220	316, 187	321, 149	298, 111	258, 115	297, 97	296, 55	264, 21	222, 9	183, 25	
233-03-F_y
233-04-F_x	22.5058	3.3229	34.6887	1.7607	9.7388	0.2807		(177, 71)	(105, 119)	(133, 201)	(221, 199)	(249, 117)				104, 119	65, 112	39, 147	39, 186	57, 223	96, 240	134, 201	113, 250	145, 281	183, 286	221, 273	249, 241	221, 200	258, 233	295, 216	310, 179	314, 142	288, 109	249, 117	284, 94	278, 55	245, 27	207, 15	171, 37	179, 70	181, 36	144, 15	104, 27	73, 58	68, 98	
233-04-F_y
237-02-F_x	19.5680	3.0902	29.9994	1.6065	8.1084	0.2703		(191, 65)	(123, 123)	(151, 203)	(237, 205)	(261, 123)				122, 124	86, 109	59, 144	60, 185	85, 224	126, 242	151, 204	122, 230	143, 271	183, 294	223, 288	257, 254	238, 205	266, 243	306, 221	328, 182	323, 142	297, 105	261, 123	293, 119	303, 78	281, 34	236, 15	190, 23	194, 60	186, 18	144, 10	100, 34	76, 76	81, 120	
237-02-F_y
243-01-F_x	20.1205	3.0971	30.1352	1.6233	8.2781	0.2747		(195, 64)	(115, 124)	(141, 202)	(227, 202)	(265, 124)				115, 124	79, 117	57, 151	60, 187	84, 219	118, 237	140, 203	126, 243	154, 277	191, 284	227, 268	258, 238	227, 202	252, 245	292, 236	324, 201	331, 161	307, 123	265, 123	302, 108	302, 68	276, 32	236, 16	196, 18	196, 63	188, 20	147, 11	105, 20	74, 60	77, 101	
243-01-F_y
243-02-F_x	19.1068	2.8814	26.0838	1.5380	7.4312	0.2849		(183, 62)	(113, 114)	(145, 192)	(237, 194)	(263, 118)				112, 114	78, 105	57, 138	59, 174	74, 207	109, 228	144, 195	121, 238	150, 272	187, 283	224, 278	254, 242	237, 194	272, 226	307, 208	323, 174	322, 139	300, 105	263, 117	298, 94	295, 55	268, 25	229, 17	188, 21	188, 63	194, 21	158, 8	117, 17	86, 44	80, 85	
243-02-F_y
244-01-F_x	19.7098	3.0539	29.2990	1.3932	6.0980	0.2081		(187, 76)	(127, 128)	(159, 184)	(227, 188)	(249, 122)				187, 76	202, 43	160, 19	115, 33	78, 66	81, 112	126, 128	85, 111	60, 150	66, 195	106, 228	151, 231	159, 184	125, 207	142, 249	184, 269	224, 263	250, 222	228, 188	242, 225	287, 224	318, 188	323, 145	294, 104	250, 122	295, 112	295, 66	260, 25	218, 17	175, 42	
244-01-F_y
247-01-F_x	19.0874	2.7719	24.1390	1.3813	5.9939	0.2483		(197, 58)	(129, 106)	(153, 184)	(231, 184)	(259, 112)				128, 106	96, 101	84, 129	70, 159	84, 192	116, 210	153, 183	133, 225	159, 258	196, 269	233, 252	254, 221	231, 185	260, 216	295, 204	319, 173	307, 142	297, 109	260, 112	294, 93	295, 57	273, 25	240, 12	204, 19	198, 57	194, 18	157, 5	120, 15	97, 45	95, 83	
247-01-F_y
247-02-F_x	17.8421	2.6071	21.3530	1.3344	5.5943	0.2620		(185, 60)	(119, 110)	(149, 184)	(225, 178)	(251, 108)				184, 59	184, 25	152, 18	118, 27	93, 57	86, 91	119, 110	83, 110	66, 142	63, 178	88, 206	123, 217	149, 185	125, 217	153, 246	187, 269	221, 256	247, 222	226, 178	256, 207	286, 188	307, 163	304, 131	287, 103	252, 108	283, 88	279, 53	253, 25	218, 18	184, 24	
247-02-F_y
253-05-F_x	18.2226	2.8628	25.7475	1.5565	7.6111	0.2956		(187, 65)	(119, 117)	(151, 193)	(233, 189)	(257, 111)				187, 64	177, 21	142, 19	113, 34	94, 65	83, 99	118, 115	80, 101	64, 140	67, 177	99, 210	139, 225	151, 193	121, 209	151, 242	181, 260	220, 251	252, 220	233, 189	246, 221	285, 208	314, 174	313, 135	298, 96	258, 111	293, 100	280, 62	259, 28	226, 19	192, 17	
253-05-F_y
269-01-F_x	23.8696	3.5982	40.6746	1.9075	11.4310	0.2810		(185, 69)	(111, 115)	(134, 189)	(224, 201)	(256, 125)				110, 116	75, 102	53, 133	38, 170	57, 208	96, 231	134, 190	99, 222	126, 269	167, 288	210, 287	250, 251	225, 201	256, 243	293, 227	314, 193	313, 155	298, 119	257, 125	293, 112	293, 75	272, 40	235, 17	198, 26	184, 68	189, 29	150, 16	114, 26	82, 58	75, 98	
269-01-F_y
269-02-F_x	22.8634	3.5019	38.5256	1.8041	10.2250	0.2654		(182, 65)	(100, 119)	(130, 203)	(220, 205)	(248, 125)				99, 120	62, 107	38, 147	32, 186	54, 222	93, 242	130, 204	98, 244	132, 278	169, 289	209, 283	241, 251	221, 205	244, 248	287, 235	315, 197	313, 154	287, 115	248, 125	283, 122	289, 85	274, 46	237, 21	198, 24	182, 65	164, 23	123, 12	80, 28	57, 68	59, 111	
269-02-F_y
270-01-F_x	23.8278	3.5718	40.0795	1.8410	10.6482	0.2657		(182, 61)	(110, 119)	(146, 199)	(232, 201)	(254, 123)				109, 119	66, 115	42, 152	44, 196	81, 236	126, 244	145, 199	117, 236	146, 279	189, 277	232, 271	263, 235	233, 202	263, 238	310, 224	327, 183	328, 137	293, 96	256, 122	277, 121	299, 81	282, 39	241, 14	197, 16	181, 60	190, 19	151, 6	112, 25	77, 59	69, 101	
270-01-F_y
271-01-F_x	22.1349	3.2431	33.0420	1.7397	9.5084	0.2878		(185, 64)	(107, 124)	(137, 206)	(223, 208)	(265, 124)				106, 125	69, 104	46, 137	36, 176	57, 215	95, 234	136, 209	128, 254	161, 292	201, 294	236, 259	253, 226	224, 210	218, 246	264, 249	312, 223	320, 175	313, 128	265, 124	302, 96	296, 54	264, 21	222, 12	190, 20	185, 63	180, 20	146, 12	107, 26	72, 54	68, 98	
271-01-F_y
279-02-F_x	23.4937	2.8476	25.4740	1.6568	8.6239	0.3385		(183, 78)	(113, 124)	(149, 200)	(221, 202)	(251, 126)				183, 78	177, 47	147, 37	117, 52	92, 73	86, 104	113, 124	82, 127	65, 155	70, 186	86, 217	117, 225	148, 200	130, 233	150, 264	185, 271	214, 268	241, 238	221, 202	249, 222	276, 209	291, 184	297, 156	280, 130	251, 126	277, 102	275, 72	249, 53	220, 35	191, 48	
279-02-F_y
294-01-F_x	18.6356	2.8532	25.5752	1.4537	6.6393	0.2596		(185, 74)	(119, 124)	(143, 202)	(225, 202)	(249, 126)				118, 124	80, 113	52, 150	54, 192	80, 229	121, 244	143, 202	113, 232	133, 266	169, 286	206, 283	242, 259	225, 202	262, 242	301, 224	320, 186	316, 146	288, 106	250, 126	288, 116	290, 75	267, 41	233, 26	195, 24	185, 73	180, 25	142, 25	106, 40	84, 74	83, 111	
294-01-F_y
296-02-F_x	21.8858	3.1960	32.0897	1.7608	9.7406	0.3035		(179, 62)	(111, 118)	(137, 196)	(223, 196)	(249, 118)				110, 118	73, 102	47, 134	47, 172	62, 208	99, 223	136, 197	106, 226	131, 258	168, 270	206, 264	238, 237	223, 196	256, 221	286, 203	302, 171	300, 138	283, 110	249, 118	284, 105	284, 69	257, 34	222, 23	186, 24	178, 61	168, 27	132, 16	95, 38	71, 70	74, 106	
296-02-F_y
310-01-F_x	21.1501	3.1025	30.2385	1.6022	8.0649	0.2667		(189, 70)	(121, 118)	(143, 194)	(231, 198)	(249, 122)				120, 119	88, 105	60, 133	56, 171	69, 205	105, 224	143, 194	124, 240	151, 273	189, 281	227, 273	256, 239	232, 198	265, 232	301, 211	317, 175	318, 138	289, 108	250, 122	284, 106	284, 72	266, 39	232, 26	198, 37	189, 69	177, 34	140, 22	109, 32	87, 66	89, 103	
310-01-F_y
310-02-F_x	19.4940	3.0036	28.3420	1.6458	8.5099	0.3003		(181, 78)	(105, 112)	(135, 190)	(213, 190)	(249, 122)				105, 112	68, 98	46, 134	45, 171	64, 206	101, 227	135, 190	113, 228	137, 257	169, 270	201, 263	233, 239	214, 190	247, 228	282, 213	304, 178	308, 143	287, 111	249, 122	278, 100	278, 69	256, 41	226, 29	195, 33	182, 77	170, 29	139, 23	109, 30	84, 55	77, 86	
310-02-F_y
031-02-F_x	25.1390	3.0880	29.9579	1.5662	7.7062	0.2572		(201, 64)	(131, 112)	(163, 198)	(249, 192)	(271, 112)				201, 63	191, 31	158, 15	125, 17	100, 44	98, 78	131, 112	93, 112	67, 146	69, 184	91, 218	129, 236	162, 198	147, 236	169, 271	209, 283	249, 270	273, 233	249, 191	287, 220	325, 207	345, 172	342, 134	311, 102	271, 111	297, 82	294, 48	270, 24	239, 8	213, 29	
031-02-F_y
036-02-F_x	18.5161	2.5671	20.7035	1.4783	6.8656	0.3316		(193, 73)	(121, 119)	(149, 199)	(227, 195)	(257, 123)				121, 118	93, 118	74, 148	74, 178	90, 207	120, 224	148, 200	138, 235	163, 262	193, 266	222, 257	241, 228	227, 194	255, 212	283, 198	301, 173	302, 145	290, 117	258, 123	287, 111	290, 80	270, 54	240, 38	209, 41	193, 73	184, 42	154, 33	125, 43	104, 70	94, 99	
036-02-F_y
045-03-F_x	22.5444	2.6358	21.8256	1.3493	5.7196	0.2621		(203, 71)	(133, 115)	(157, 189)	(237, 193)	(261, 125)				133, 115	98, 112	70, 139	70, 174	87, 207	122, 221	157, 189	139, 225	158, 259	192, 271	229, 266	255, 231	237, 193	268, 220	299, 208	318, 180	317, 149	292, 125	261, 125	293, 103	299, 70	278, 41	245, 27	215, 36	203, 71	196, 36	170, 15	139, 22	108, 48	101, 83	
045-03-F_y

042-02-F_x	27.5776	3.6625	42.1404	1.8726	11.0160	0.2614		(185, 66)	(115, 124)	(139, 206)	(221, 208)	(253, 128)				115, 124	76, 117	43, 146	41, 185	62, 223	100, 246	139, 205	112, 253	140, 279	174, 294	209, 282	241, 257	221, 209	257, 251	297, 236	318, 199	322, 159	293, 128	253, 127	294, 111	303, 72	281, 32	240, 13	199, 20	185, 65	181, 28	148, 5	111, 14	78, 52	75, 92	
042-02-F_y
057-02-F_x	20.3833	3.1865	31.8984	1.5500	7.5481	0.2366		(193, 62)	(123, 116)	(147, 190)	(229, 194)	(255, 110)				122, 116	86, 106	59, 137	55, 174	70, 211	107, 230	146, 191	121, 233	147, 270	185, 283	223, 271	254, 239	229, 194	263, 232	302, 217	321, 178	323, 139	295, 103	256, 110	299, 100	296, 56	269, 16	225, 8	182, 15	193, 61	190, 18	148, 4	106, 20	77, 54	84, 96	
057-02-F_y
076-02-F_x	18.7939	2.9288	26.9477	1.4927	7.0003	0.2598		(201, 66)	(125, 116)	(159, 194)	(243, 192)	(273, 118)				125, 115	82, 105	59, 144	57, 187	88, 226	133, 237	159, 195	124, 223	152, 268	194, 282	236, 275	265, 238	243, 192	271, 233	312, 220	340, 182	340, 141	316, 101	274, 118	313, 105	305, 64	285, 29	246, 11	207, 20	201, 65	198, 20	160, 11	121, 20	96, 54	89, 93	
076-02-F_y
077-05-F_x	19.9763	3.1217	30.6156	1.6096	8.1390	0.2658		(195, 75)	(127, 127)	(145, 201)	(233, 197)	(259, 121)				201, 72	196, 32	157, 23	120, 39	93, 74	91, 128	126, 128	105, 94	59, 137	57, 180	81, 224	125, 236	145, 201	109, 217	134, 268	187, 286	240, 272	269, 222	233, 197	238, 232	281, 230	315, 195	325, 153	300, 111	259, 121	300, 111	298, 68	262, 31	218, 18	176, 36	
077-05-F_y
078-01-F_x	22.6716	3.5239	39.0108	1.7453	9.5693	0.2453		(183, 68)	(115, 124)	(143, 202)	(223, 198)	(251, 126)				114, 124	79, 112	49, 139	42, 179	65, 216	103, 243	144, 203	117, 248	149, 278	186, 288	223, 275	254, 243	224, 198	260, 239	298, 222	319, 186	321, 148	292, 114	252, 126	295, 110	295, 65	266, 24	221, 13	179, 31	184, 67	185, 32	145, 11	102, 25	69, 66	75, 110	
078-01-F_y
084-02-F_x	20.5934	2.9717	27.7431	1.5916	7.9578	0.2868		(187, 62)	(109, 120)	(141, 202)	(233, 200)	(263, 122)				108, 120	67, 114	45, 152	48, 193	69, 230	110, 248	141, 203	118, 251	152, 277	191, 290	230, 274	258, 244	234, 201	266, 238	304, 225	326, 191	326, 153	305, 115	263, 122	293, 99	292, 63	267, 29	231, 15	197, 26	187, 62	182, 23	147, 10	108, 24	80, 58	72, 97	
084-02-F_y
094-01-F_x	21.0773	3.2199	32.5715	1.6492	8.5445	0.2623		(189, 60)	(121, 118)	(145, 198)	(231, 194)	(255, 116)				189, 59	181, 25	138, 8	96, 25	77, 66	84, 107	121, 119	87, 106	53, 138	47, 181	73, 221	116, 235	145, 199	118, 230	149, 274	191, 286	233, 270	260, 231	232, 194	258, 223	296, 217	324, 183	324, 145	296, 107	255, 116	293, 103	298, 63	277, 26	238, 8	196, 24
094-01-F_y
099-01-F_x	20.9820	3.1967	32.1035	1.7098	9.1840	0.2861		(190, 52)	(118, 102)	(146, 188)	(240, 188)	(262, 104)				118, 101	88, 88	56, 115	51, 158	67, 201	109, 224	146, 189	113, 222	137, 256	178, 280	220, 270	261, 240	240, 188	278, 222	317, 194	332, 154	326, 114	297, 90	261, 104	290, 94	292, 57	272, 21	233, 12	194, 14	190, 52	189, 15	149, 6	109, 19	86, 55	89, 94	
099-01-F_y
099-02-F_x	22.2726	3.2982	34.1748	1.7876	10.0390	0.2938		(183, 60)	(111, 114)	(147, 198)	(237, 196)	(263, 110)				184, 59	179, 21	139, 15	102, 26	77, 61	77, 99	111, 115	79, 110	53, 140	53, 182	73, 220	113, 236	147, 198	118, 238	156, 272	198, 289	239, 263	269, 219	237, 196	261, 229	306, 209	323, 171	323, 133	302, 100	264, 110	297, 84	288, 47	259, 20	222, 15	185, 23	
099-02-F_y
112-01-F_x	17.5974	2.7186	23.2180	1.4547	6.6485	0.2863		(183, 66)	(109, 126)	(139, 210)	(229, 208)	(257, 118)				184, 65	179, 26	133, 23	85, 38	57, 81	62, 124	109, 125	71, 113	42, 149	43, 193	68, 235	112, 251	139, 210	107, 240	135, 278	176, 286	217, 283	253, 249	229, 208	260, 241	301, 223	324, 183	323, 142	299, 105	257, 118	299, 105	297, 60	260, 24	218, 9	174, 24	
112-01-F_y
294-02-F_x	19.4112	2.9315	26.9971	1.4707	6.7955	0.2517		(190, 77)	(128, 127)	(156, 199)	(228, 195)	(252, 125)				190, 77	184, 43	148, 34	112, 44	93, 79	89, 115	128, 127	84, 127	65, 173	83, 214	127, 241	172, 244	157, 199	125, 223	150, 248	185, 270	226, 263	258, 225	228, 195	249, 225	291, 217	313, 182	315, 146	291, 109	252, 125	284, 115	291, 79	267, 45	231, 30	196, 39	
294-02-F_y
279-03-F_x	21.8698	2.9672	27.6588	1.6751	8.8149	0.3187		(192, 68)	(123, 114)	(151, 195)	(231, 192)	(259, 119)					192, 68		172, 32		144, 29		116, 39		97, 64		95, 92		123, 114		86, 113		67, 144		68, 176		88, 208		120, 224		151, 195		141, 237		172, 261		203, 260		234, 247		251, 215		231, 192		243, 214		277, 213		305, 188		312, 157		295, 124		259, 119		285, 89		281, 59		253, 40		225, 25		196, 38	
279-03-F_y
270-02-F_x	22.4435	3.4044	36.4118	1.7100	9.1864	0.2523		(183, 68)	(115, 118)	(143, 200)	(229, 200)	(259, 118)					115, 118		54, 136		44, 176		53, 213		91, 238		129, 236		143, 200		117, 229		141, 267		184, 272		228, 276		257, 234		229, 200		246, 239		293, 232		322, 190		331, 144		299, 105		259, 118		288, 101		289, 62		252, 43		220, 19		191, 26		183, 68		183, 28		153, 18		110, 30		74, 55		75, 98	
270-02-F_y
291-03-F_x	16.8140	2.4965	19.5799	1.4037	6.1902	0.3162		(171, 67)	(105, 119)	(123, 185)	(201, 195)	(225, 123)					105, 119		75, 112		58, 131		55, 163		68, 195		100, 209		123, 185		102, 205		115, 241		150, 257		182, 256		214, 230		201, 195		215, 223		250, 214		272, 182		274, 148		256, 116		225, 123		250, 119		265, 90		249, 55		216, 35		181, 31		171, 67		161, 32		127, 30		92, 42		70, 73		74, 104	
291-03-F_y
127-02-F_x	21.0471	3.3010	34.2318	1.8762	11.0585	0.3230		(194, 67)	(105, 123)	(147, 223)	(237, 218)	(269, 126)					105, 123		68, 122		53, 160		52, 197		75, 232		113, 245		147, 223		122, 250		158, 281		194, 290		229, 263		259, 248		237, 218		264, 243		301, 229		335, 199		336, 161		310, 123		269, 126		302, 118		294, 83		279, 47		245, 30		208, 36		194, 67		166, 23		132, 18		100, 36		83, 69		82, 102	
127-02-F_y
056-05-F_x	20.6589	3.0161	28.5778	1.5749	7.7918	0.2727		(182, 76)	(109, 127)	(143, 202)	(228, 200)	(260, 117)					183, 72		164, 23		126, 18		88, 35		67, 71		66, 109		108, 129		66, 132		46, 164		50, 197		73, 223		104, 237		142, 203		116, 246		143, 283		181, 289		219, 279		250, 246		228, 201		260, 240		294, 222		324, 200		328, 162		312, 124		263, 116		299, 88		292, 51		264, 23		231, 16		194, 23	
056-05-F_y
062-02-F_x	23.6375	3.6810	42.5674	1.9190	11.5693	0.2718		(189, 71)	(119, 116)	(143, 198)	(216, 203)	(255, 129)					118, 119		81, 101		56, 131		50, 164		65, 198		99, 224		143, 199		113, 229		139, 259		170, 272		201, 267		232, 241		217, 204		249, 235		283, 225		309, 192		314, 158		300, 125		255, 131		292, 113		295, 78		273, 44		238, 27		203, 27		189, 72		195, 23		163, 17		127, 21		94, 52		85, 88	
062-02-F_y
078-02-F_x	22.5970	3.3553	35.3677	1.6281	8.3275	0.2355		(183, 72)	(116, 133)	(151, 205)	(227, 201)	(258, 127)					116, 135		64, 124		47, 163		48, 203		80, 239		120, 251		151, 205		126, 244		156, 279		189, 283		222, 275		251, 247		227, 201		256, 245		295, 228		321, 191		325, 152		304, 116		257, 129		297, 103		296, 66		268, 32		232, 16		195, 18		183, 70		173, 15		133, 13		93, 30		67, 70		67, 110	
078-02-F_y
094-02-F_x	19.8197	2.9872	28.0337	1.5034	7.1007	0.2533		(197, 66)	(134, 121)	(157, 197)	(243, 194)	(262, 117)					196, 64		188, 26		151, 15		114, 30		93, 65		93, 102		134, 121		91, 113		65, 148		64, 183		91, 215		126, 227		157, 197		135, 232		162, 274		205, 285		248, 270		273, 227		243, 194		272, 219		312, 208		339, 171		330, 131		293, 98		263, 118		293, 111		302, 76		290, 38		252, 13		217, 22	
094-02-F_y
118-05-F_x	16.9343	2.6307	21.7409	1.4871	6.9476	0.3196		(193, 53)	(115, 108)	(143, 195)	(234, 195)	(265, 110)					106, 113		93, 73		66, 105		48, 146		59, 183		95, 211		144, 196		128, 225		154, 256		186, 268		219, 260		245, 229		235, 193		266, 221		302, 205		319, 171		323, 135		313, 99		265, 111		302, 86		290, 55		271, 25		240, 20		209, 17		192, 52		174, 16		140, 20		105, 31		90, 66		78, 99	
118-05-F_y
119-01-F_x	18.4673	2.9224	26.8312	1.5079	7.1429	0.2662		(181, 76)	(117, 124)	(143, 211)	(230, 203)	(243, 123)					116, 125		73, 111		53, 150		51, 189		76, 227		115, 247		143, 211		148, 275		180, 290		212, 287		244, 266		263, 230		228, 205		269, 235		303, 211		318, 174		314, 138		296, 105		243, 125		289, 110		289, 74		262, 42		231, 29		199, 28		180, 72		178, 24		140, 22		101, 33		73, 71		73, 110	
119-01-F_y
119-02-F_x	17.0868	2.6463	22.0008	1.5121	7.1830	0.3265		(195, 73)	(126, 127)	(145, 210)	(229, 204)	(254, 134)					126, 124		83, 124		63, 156		63, 188		83, 220		115, 239		144, 211		134, 250		162, 270		191, 271		220, 270		243, 244		229, 206		258, 236		287, 216		307, 186		308, 155		301, 124		253, 135		297, 115		294, 82		270, 55		239, 42		209, 41		195, 73		177, 35		145, 35		114, 52		94, 82		87, 113	
119-02-F_y
127-02-F_x	21.1326	3.3182	34.5894	1.8127	10.3226	0.2984		(194, 72)	(117, 129)	(146, 223)	(243, 222)	(271, 126)					117, 129		72, 117		55, 153		50, 189		66, 225		102, 244		146, 220		130, 257		159, 284		191, 291		222, 265		256, 258		243, 222		290, 239		319, 219		341, 189		336, 158		315, 127		271, 126		306, 107		290, 74		275, 42		243, 30		209, 36		195, 71		181, 27		144, 16		106, 32		85, 66		82, 103	
127-02-F_y
131-01-F_x	15.9770	2.3147	16.8322	1.1934	4.4740	0.2658		(197, 73)	(134, 117)	(164, 178)	(224, 181)	(255, 123)					134, 118		99, 123		83, 153		82, 183		105, 203		135, 213		164, 178		141, 216		160, 245		190, 252		220, 248		242, 221		225, 184		252, 211		280, 209		303, 186		304, 158		294, 130		255, 125		288, 107		290, 79		272, 53		244, 39		216, 41		197, 73		181, 38		157, 34		129, 44		111, 67		108, 94	
131-01-F_y
131-02-F_x	20.3310	2.7861	24.3867	1.4658	6.7496	0.2768		(187, 69)	(115, 125)	(155, 191)	(221, 191)	(259, 125)					187, 69		167, 33		133, 29		100, 43		79, 70		82, 104		115, 125		70, 138		58, 171		66, 203		90, 226		123, 226		155, 190		135, 229		153, 264		189, 276		225, 266		249, 231		222, 190		250, 224		283, 225		310, 198		312, 165		295, 133		259, 125		296, 98		297, 65		276, 36		0, 0		214, 37	
131-02-F_y
141-01-F_x	17.9425	2.8089	24.7872	1.4470	6.5779	0.2654		(172, 69)	(117, 120)	(144, 208)	(234, 197)	(246, 110)					171, 68		166, 28		127, 21		88, 33		70, 72		69, 111		116, 121		69, 114		48, 149		51, 189		75, 229		115, 241		144, 209		127, 246		159, 281		196, 287		233, 277		257, 240		232, 197		271, 227		309, 206		327, 168		319, 130		294, 95		246, 112		289, 89		280, 52		252, 20		216, 10		181, 25	
141-01-F_y
141-02-F_x	19.2235	3.0107	28.4763	1.5363	7.4148	0.2604		(194, 85)	(124, 133)	(156, 212)	(228, 207)	(251, 133)					194, 85		190, 52		154, 39		117, 48		89, 78		87, 116		123, 133		85, 128		65, 166		70, 204		101, 233		139, 242		157, 212		131, 229		152, 265		188, 286		224, 274		251, 243		228, 205		261, 229		293, 215		313, 184		309, 152		287, 120		250, 133		284, 105		281, 67		247, 39		212, 39		180, 52	
141-02-F_y
145-02-F_x	23.0890	3.1500	31.1715	1.6441	8.4919	0.2724		(183, 67)	(127, 113)	(143, 187)	(225, 187)	(243, 113)					183, 65		178, 31		150, 22		122, 37		100, 58		96, 87		127, 115		90, 110		66, 139		59, 171		81, 199		113, 216		143, 187		126, 241		158, 267		192, 273		226, 256		240, 222		225, 187		259, 210		286, 195		305, 169		302, 141		281, 114		243, 115		275, 95		275, 65		260, 36		230, 22		201, 29	
145-02-F_y
145-03-F_x	20.7304	2.8176	24.9415	1.4573	6.6720	0.2675		(169, 59)	(113, 111)	(135, 189)	(223, 183)	(237, 103)					169, 59		145, 23		117, 17		86, 32		69, 63		74, 95		114, 111		72, 112		50, 144		47, 177		70, 206		103, 221		135, 189		126, 241		153, 269		190, 273		226, 257		249, 223		223, 183		267, 201		297, 183		310, 153		299, 123		275, 98		237, 105		266, 77		261, 45		239, 22		208, 9		179, 26	
145-03-F_y
161-02-F_x	17.1245	2.7334	23.4716	1.4025	6.1796	0.2633		(179, 75)	(107, 121)	(141, 197)	(227, 193)	(251, 121)					105, 123		57, 115		40, 155		45, 195		67, 229		107, 238		139, 195		107, 231		142, 270		181, 278		220, 265		255, 235		227, 193		242, 242		288, 231		319, 198		325, 157		303, 116		251, 121		289, 100		284, 68		253, 48		221, 35		189, 34		179, 75		170, 32		138, 24		103, 39		72, 62		69, 97	
161-02-F_y
164-01-F_x	19.5662	2.8504	25.5252	1.5251	7.3071	0.2863		(188, 66)	(114, 122)	(148, 200)	(234, 196)	(262, 118)					114, 123		71, 122		55, 159		64, 196		87, 228		124, 232		148, 200		129, 225		146, 270		190, 285		233, 267		258, 226		234, 196		251, 220		290, 220		323, 192		326, 154		310, 116		262, 119		297, 94		286, 62		269, 32		238, 19		206, 23		188, 65		176, 21		143, 16		109, 29		85, 60		79, 94	
164-01-F_y
164-02-F_x	18.7676	2.8166	24.9223	1.5219	7.2762	0.2920		(192, 65)	(120, 113)	(148, 185)	(230, 193)	(262, 117)					120, 114		80, 108		60, 144		61, 180		83, 213		119, 214		148, 184		138, 223		157, 253		188, 262		219, 251		242, 224		230, 193		256, 218		287, 210		313, 182		315, 151		302, 120		262, 118		295, 96		291, 64		274, 32		242, 22		210, 22		194, 64		179, 23		145, 12		115, 23		92, 53		84, 87	
164-02-F_y
165-02-F_x	19.3927	2.9336	27.0361	1.5170	7.2301	0.2674		(174, 70)	(118, 116)	(140, 194)	(218, 196)	(238, 114)					118, 120		74, 112		51, 147		53, 183		70, 217		106, 230		140, 196		117, 239		144, 268		180, 276		215, 268		243, 236		220, 197		255, 222		284, 204		302, 173		304, 142		284, 112		238, 116		275, 92		271, 61		250, 34		219, 22		188, 27		174, 68		168, 25		133, 22		99, 36		81, 67		79, 101	
165-02-F_y
206-02-F_x	16.0932	2.4952	19.5594	1.3466	5.6966	0.2912		(204, 74)	(132, 116)	(160, 196)	(236, 192)	(266, 124)					204, 74		206, 45		175, 32		141, 32		109, 57		98, 91		130, 116		83, 121		70, 156		77, 191		104, 221		140, 228		160, 197		134, 220		160, 254		196, 264		232, 256		255, 222		236, 192		245, 221		278, 224		310, 199		317, 164		311, 128		266, 124		298, 98		291, 65		264, 34		229, 27		204, 44	
206-02-F_y
211-01-F_x	18.8863	2.8945	26.3215	1.5259	7.3150	0.2779		(190, 70)	(122, 116)	(150, 190)	(232, 188)	(258, 114)					109, 121		79, 104		62, 143		71, 184		97, 217		136, 225		150, 190		123, 211		142, 247		177, 269		213, 264		243, 234		231, 189		266, 221		302, 199		321, 164		315, 128		291, 95		258, 114		296, 106		293, 68		272, 33		233, 18		194, 24		195, 64		190, 28		154, 12		120, 24		89, 58		84, 96	
211-01-F_y
211-02-F_x	18.5727	2.8479	25.4797	1.5045	7.1113	0.2791		(180, 78)	(114, 128)	(148, 202)	(228, 190)	(244, 122)					114, 128		77, 119		67, 150		60, 181		82, 206		114, 219		148, 202		141, 248		169, 269		198, 271		226, 254		241, 225		229, 190		255, 221		286, 205		303, 177		305, 146		287, 119		244, 124		282, 107		278, 74		253, 45		220, 34		188, 37		180, 78		172, 33		141, 29		106, 44		84, 74		79, 109	
211-02-F_y
213-02-F_x	19.9295	3.0808	29.8175	1.5461	7.5095	0.2518		(184, 62)	(120, 120)	(144, 190)	(228, 188)	(254, 116)					117, 124		84, 106		59, 138		52, 175		70, 210		105, 229		144, 192		123, 237		152, 269		188, 273		224, 266		253, 236		229, 190		264, 227		301, 213		322, 178		317, 141		290, 111		255, 117		290, 110		292, 75		273, 40		238, 17		201, 15		184, 60		165, 15		128, 23		90, 40		74, 77		81, 114	
213-02-F_y
214-03-F_x	19.7146	3.1097	30.3805	1.5942	7.9838	0.2628		(190, 58)	(114, 112)	(150, 196)	(234, 190)	(260, 112)					190, 54		174, 17		137, 17		100, 23		74, 57		72, 94		114, 112		57, 130		47, 166		57, 202		87, 224		123, 238		150, 198		132, 241		165, 268		201, 268		236, 254		261, 219		234, 190		256, 224		297, 214		329, 183		330, 142		306, 102		260, 112		296, 71		280, 42		259, 14		0, 0		200, 10	
214-03-F_y
218-01-F_x	19.0469	3.0613	29.4416	1.5552	7.5982	0.2581		(198, 84)	(124, 118)	(148, 192)	(234, 192)	(266, 126)					198, 86		198, 50		164, 46		129, 43		103, 69		94, 105		124, 118		95, 101		63, 133		55, 174		84, 202		118, 229		148, 192		139, 220		155, 248		183, 259		211, 247		230, 220		234, 192		263, 216		304, 213		328, 184		327, 143		301, 109		266, 126		301, 118		298, 82		276, 47		241, 43		202, 49	
218-01-F_y
218-02-F_x	17.3333	2.7825	24.3228	1.4049	6.2004	0.2549		(194, 66)	(118, 122)	(148, 200)	(234, 190)	(262, 118)					118, 122		58, 124		45, 161		54, 198		88, 220		125, 220		150, 200		149, 228		171, 260		200, 277		228, 260		239, 228		234, 190		257, 220		295, 216		330, 193		336, 155		310, 117		264, 118		294, 102		281, 77		252, 64		224, 38		195, 34		194, 66		168, 20		139, 32		110, 46		89, 70		89, 99	
218-02-F_y
237-01-F_x	18.9544	2.9722	27.7535	1.5606	7.6515	0.2757		(198, 68)	(126, 110)	(152, 192)	(240, 190)	(266, 112)					123, 118		93, 91		64, 127		60, 168		83, 209		124, 229		152, 192		122, 219		147, 261		192, 281		237, 266		271, 223		240, 190		260, 222		300, 211		329, 176		331, 134		302, 92		266, 112		303, 103		304, 63		278, 25		237, 15		201, 21		206, 63		194, 22		161, 10		121, 23		93, 59		88, 100	
237-01-F_y
241-01-F_x	19.4759	2.8069	24.7514	1.5511	7.5582	0.3054		(188, 68)	(124, 114)	(146, 200)	(236, 198)	(256, 114)					187, 65		191, 33		159, 22		124, 30		94, 58		88, 91		124, 114		83, 106		63, 140		62, 176		79, 211		115, 234		146, 200		138, 239		159, 269		194, 278		229, 270		249, 237		236, 198		272, 220		307, 203		322, 166		314, 132		297, 98		258, 114		290, 88		287, 52		253, 29		217, 16		186, 31	
241-01-F_y
241-02-F_x	17.0950	2.5094	19.7833	1.4058	6.2090	0.3139		(186, 68)	(126, 110)	(148, 194)	(230, 190)	(252, 110)					126, 110		88, 111		78, 145		75, 179		94, 207		128, 224		148, 194		146, 245		174, 258		202, 261		230, 251		245, 223		230, 190		256, 220		287, 204		297, 172		302, 140		295, 109		252, 110		285, 86		273, 59		248, 36		216, 25		187, 35		187, 65		185, 36		156, 20		125, 33		96, 60		90, 92	
241-02-F_y
244-03-F_x	18.9525	2.8769	26.0024	1.4739	6.8248	0.2625		(196, 78)	(124, 126)	(150, 204)	(228, 204)	(258, 136)					124, 128		94, 107		63, 135		60, 174		73, 209		106, 235		150, 204		122, 245		153, 269		186, 280		220, 271		260, 242		228, 204		231, 252		280, 236		308, 202		320, 167		309, 126		259, 137		305, 115		298, 76		267, 42		229, 28		197, 41		196, 78		213, 43		179, 16		130, 26		93, 65		81, 114	
244-03-F_y
250-01-F_x	15.9400	2.4826	19.3622	1.2652	5.0286	0.2597		(184, 72)	(112, 120)	(140, 192)	(222, 196)	(248, 122)					112, 122		66, 124		45, 162		51, 200		85, 227		123, 225		140, 192		114, 216		128, 252		165, 271		202, 273		238, 246		222, 196		248, 230		281, 223		309, 194		310, 161		296, 128		250, 122		285, 105		281, 74		265, 44		234, 29		203, 31		184, 72		175, 29		141, 22		107, 31		83, 61		79, 95	
250-01-F_y
250-02-F_x	14.2032	2.1951	15.1378	1.1160	3.9128	0.2585		(194, 84)	(140, 122)	(162, 182)	(228, 184)	(248, 124)					140, 124		103, 127		88, 155		88, 183		109, 206		137, 212		162, 182		143, 214		165, 237		191, 244		217, 241		241, 221		229, 186		253, 210		279, 203		297, 181		298, 155		287, 129		248, 124		277, 110		274, 84		259, 60		234, 50		208, 53		194, 84		178, 47		153, 46		128, 56		114, 80		112, 105	
250-02-F_y
253-01-F_x	16.4912	2.6221	21.5992	1.4364	6.4816	0.3001		(182, 64)	(110, 112)	(134, 192)	(214, 192)	(256, 116)					108, 112		78, 90		57, 123		45, 161		56, 199		92, 222		134, 192		94, 222		128, 244		162, 268		196, 261		236, 230		216, 192		211, 236		259, 222		296, 204		312, 168		304, 128		256, 114		293, 94		280, 58		254, 25		218, 21		182, 25		182, 64		149, 17		117, 20		87, 45		75, 80		73, 114	
253-01-F_y
270-02-F_x	22.3367	3.4044	36.4118	1.6801	8.8678	0.2435		(188, 70)	(116, 120)	(146, 200)	(230, 198)	(258, 118)					116, 118		61, 119		44, 161		48, 203		83, 235		123, 239		146, 200		117, 234		145, 270		188, 271		231, 273		258, 232		230, 198		245, 237		288, 234		324, 198		333, 155		313, 111		258, 118		292, 90		285, 56		251, 42		224, 19		190, 21		186, 68		183, 17		148, 20		109, 30		76, 52		71, 91	
270-02-F_y
271-02-F_x	18.2902	2.7990	24.6132	1.5658	7.7025	0.3129		(172, 64)	(90, 124)	(140, 200)	(222, 194)	(250, 114)					172, 64		131, 19		97, 32		78, 51		61, 85		61, 116		90, 124		56, 124		50, 160		48, 196		74, 231		110, 239		140, 200		115, 242		147, 276		185, 281		219, 268		249, 239		222, 194		249, 233		292, 217		306, 181		311, 142		291, 105		250, 114		280, 67		272, 28		234, 16		195, 10		164, 25	
271-02-F_y
278-01-F_x	12.6616	2.0053	12.6331	1.0806	3.6686	0.2904		(168, 74)	(106, 118)	(138, 194)	(220, 188)	(230, 112)					107, 119		74, 100		57, 139		55, 178		78, 216		116, 228		138, 195		114, 225		142, 259		184, 270		226, 256		254, 218		220, 188		238, 220		274, 209		298, 172		295, 135		271, 98		230, 114		263, 90		254, 56		223, 33		189, 31		162, 53		170, 75		172, 47		141, 31		109, 37		79, 68		72, 112	
278-01-F_y
278-02-F_x	13.3726	2.0616	13.3530	1.1183	3.9290	0.2942		(184, 78)	(128, 122)	(150, 186)	(222, 186)	(244, 120)					128, 122		98, 104		79, 128		77, 158		87, 188		115, 206		150, 188		134, 226		166, 250		200, 252		234, 239		251, 205		222, 186		237, 209		267, 204		291, 174		295, 144		282, 114		244, 120		273, 101		268, 76		248, 52		223, 43		198, 45		184, 76		170, 42		141, 43		113, 58		98, 87		94, 116	
278-02-F_y
279-03-F_x	21.7282	2.9601	27.5269	1.6634	8.6926	0.3158		(192, 64)	(122, 114)	(152, 196)	(230, 190)	(258, 118)					192, 64		172, 32		144, 29		116, 39		96, 64		95, 92		122, 114		86, 113		67, 144		68, 176		88, 208		120, 224		152, 196		141, 235		168, 258		197, 260		226, 253		251, 226		231, 190		260, 217		289, 209		307, 180		311, 151		293, 122		258, 118		285, 89		281, 59		253, 41		226, 25		198, 34	
279-03-F_y
291-01-F_x	18.5097	2.9114	26.6284	1.5359	7.4110	0.2783		(188, 68)	(120, 116)	(150, 198)	(244, 204)	(260, 114)					120, 118		73, 105		58, 142		55, 179		80, 215		115, 237		150, 198		128, 243		157, 280		196, 284		235, 277		270, 244		244, 204		300, 229		327, 198		337, 167		331, 136		311, 105		260, 114		309, 99		298, 60		268, 32		229, 19		192, 27		188, 68		162, 11		128, 9		94, 29		85, 63		77, 97	
291-01-F_y
296-01-F_x	20.0508	3.0501	29.2263	1.6300	8.3470	0.2856		(186, 72)	(114, 116)	(146, 184)	(222, 186)	(252, 118)					114, 118		72, 107		57, 141		62, 179		86, 216		124, 212		146, 184		122, 207		132, 243		169, 265		207, 261		244, 232		223, 186		257, 224		290, 206		311, 177		312, 144		295, 113		252, 118		280, 92		270, 60		245, 34		215, 21		184, 30		186, 72		186, 28		155, 17		120, 26		94, 53		85, 87	
296-01-F_y
091-01-F_x	18.2975	2.5800	20.9111	1.2511	4.9171	0.2351		(190, 78)	(136, 116)	(152, 184)	(224, 186)	(246, 116)					190, 78		179, 40		150, 31		122, 40		106, 63		106, 92		136, 116		99, 104		72, 135		70, 167		85, 200		118, 210		152, 184		136, 238		166, 260		197, 266		228, 250		250, 223		224, 188		257, 205		288, 199		304, 168		302, 137		284, 108		246, 118		277, 96		273, 67		257, 41		231, 30		205, 42	
091-01-F_y
050-03-F_x	20.7464	3.1547	31.2655	1.7394	9.5044	0.3040		(191, 56)	(125, 112)	(147, 198)	(243, 198)	(263, 114)					191, 56		166, 11		132, 16		108, 40		94, 74		88, 107		117, 116		91, 91		64, 128		62, 168		77, 207		113, 231		147, 198		122, 232		152, 267		190, 283		230, 270		259, 238		243, 198		287, 213		316, 191		321, 160		315, 129		303, 98		265, 114		296, 87		284, 54		267, 25		231, 20		197, 19	
050-03-F_y
005-02-F_x	27.3823	3.6876	42.7216	1.9314	11.7197	0.2743		(193, 60)	(119, 102)	(143, 188)	(231, 198)	(265, 110)					119, 102		76, 94		50, 129		46, 166		67, 201		104, 215		143, 188		123, 235		151, 269		184, 280		220, 269		245, 238		231, 198		273, 229		310, 213		332, 177		331, 140		306, 108		265, 110		302, 73		295, 37		263, 12		227, 9		192, 24		193, 60		196, 26		160, 7		123, 10		92, 33		84, 70	
005-02-F_y
005-03-F_x	29.7123	3.8763	47.2055	2.0266	12.9025	0.2733		(197, 64)	(125, 110)	(153, 198)	(243, 200)	(273, 114)					200, 58		193, 25		157, 12		121, 15		94, 45		91, 81		125, 110		74, 111		54, 147		54, 183		77, 216		113, 229		153, 198		135, 243		161, 279		199, 291		236, 277		259, 241		243, 200		284, 227		322, 212		342, 175		340, 137		314, 105		273, 114		308, 73		298, 38		268, 17		234, 9		199, 24	
005-03-F_y
018-03-F_x	22.6042	3.2411	33.0009	1.7905	10.0720	0.3052		(190, 60)	(118, 108)	(152, 190)	(242, 188)	(262, 108)					110, 111		80, 100		60, 134		59, 170		79, 204		115, 218		152, 190		139, 242		172, 264		205, 267		237, 252		265, 224		242, 188		273, 207		301, 194		317, 164		316, 137		299, 106		262, 108		291, 72		284, 39		256, 16		223, 14		190, 24		190, 60		159, 13		125, 13		93, 30		85, 64		82, 98	
018-03-F_y
163-02-F_x	17.2610	2.6968	22.8487	1.5215	7.2725	0.3183		(183, 78)	(109, 122)	(143, 198)	(225, 200)	(251, 118)					107, 122		66, 115		53, 151		58, 187		82, 218		115, 240		143, 200		125, 243		156, 268		187, 271		218, 264		247, 236		225, 200		258, 222		291, 208		311, 178		311, 145		297, 112		253, 118		286, 93		273, 65		246, 41		216, 35		186, 35		181, 76		178, 34		146, 25		117, 34		87, 62		78, 94	
163-02-F_y
296-01-F_x	20.0961	3.0501	29.2263	1.6237	8.2829	0.2834		(187, 74)	(115, 116)	(145, 186)	(229, 184)	(251, 118)					115, 120		73, 106		57, 139		60, 176		83, 213		119, 215		145, 186		121, 208		132, 244		170, 265		208, 260		245, 231		229, 184		257, 224		290, 206		311, 177		312, 144		295, 113		253, 118		281, 92		271, 62		248, 36		223, 21		193, 23		198, 49		179, 22		149, 18		115, 29		92, 56		85, 90	
296-01-F_y
291-01-F_x	20.9876	3.2991	34.1936	1.7642	9.7775	0.2859		(187, 66)	(119, 116)	(151, 198)	(245, 204)	(261, 116)					119, 116		63, 130		53, 162		62, 194		87, 224		119, 237		149, 198		129, 244		157, 280		195, 284		233, 278		270, 247		245, 204		301, 228		328, 196		337, 164		328, 132		301, 98		263, 116		309, 98		298, 59		267, 32		228, 19		191, 28		187, 66		189, 28		150, 9		110, 18		86, 56		77, 99	
291-01-F_y
278-02-F_x	13.3876	2.0616	13.3530	1.1427	4.1019	0.3072		(181, 80)	(127, 122)	(149, 186)	(223, 184)	(245, 120)					127, 124		95, 110		78, 132		77, 162		90, 192		119, 208		149, 186		132, 220		158, 247		190, 254		222, 247		248, 220		223, 185		253, 208		277, 191		295, 164		294, 137		280, 110		245, 120		273, 99		266, 73		244, 50		218, 42		192, 48		181, 80		175, 45		146, 42		117, 55		101, 83		95, 110	
278-02-F_y
271-02-F_x	18.2902	2.7990	24.6132	1.5832	7.8745	0.3199		(173, 66)	(89, 124)	(139, 202)	(225, 192)	(251, 114)					173, 66		134, 18		103, 29		73, 42		68, 73		56, 101		87, 122		52, 132		48, 165		49, 198		73, 230		106, 240		139, 202		120, 248		153, 277		191, 282		219, 262		255, 232		226, 192		250, 234		291, 217		305, 183		312, 145		295, 107		251, 114		280, 67		272, 28		234, 16		195, 10		0, 0	
271-02-F_y
270-01-F_x	22.7936	3.4009	36.3367	1.7182	9.2750	0.2553		(185, 66)	(109, 120)	(149, 200)	(231, 202)	(255, 124)					109, 120		52, 122		43, 159		46, 197		80, 234		119, 249		149, 200		117, 240		147, 280		185, 280		223, 276		257, 249		230, 203		275, 238		315, 218		327, 183		329, 143		307, 103		255, 124		297, 97		298, 61		270, 31		237, 14		201, 16		185, 66		183, 14		144, 7		111, 29		75, 61		69, 101	
270-01-F_y
250-02-F_x	14.0244	2.1776	14.8971	1.1437	4.1094	0.2759		(195, 84)	(137, 122)	(161, 182)	(225, 186)	(249, 124)					137, 122		105, 126		89, 153		88, 181		107, 205		135, 212		161, 182		143, 213		165, 237		192, 244		219, 240		242, 218		225, 184		247, 210		274, 206		297, 182		298, 155		286, 128		249, 126		277, 109		274, 84		260, 61		236, 50		211, 51		195, 82		185, 49		158, 45		132, 54		115, 78		112, 105	
250-02-F_y
165-02-F_x	19.4104	2.9336	27.0361	1.5120	7.1819	0.2656		(174, 69)	(116, 117)	(138, 193)	(218, 193)	(236, 113)					116, 117		74, 112		51, 146		51, 181		67, 215		102, 230		138, 195		117, 241		146, 270		182, 276		217, 266		243, 234		218, 193		250, 222		280, 208		300, 176		305, 144		284, 113		236, 115		275, 94		271, 63		252, 36		221, 22		190, 26		174, 67		168, 25		134, 21		100, 36		81, 66		79, 100	
165-02-F_y
214-03-F_x	19.7267	3.1097	30.3805	1.5928	7.9703	0.2623		(191, 58)	(113, 112)	(151, 194)	(235, 190)	(257, 112)					189	58		173	17		136	16		99	23		74	58		72	95		113	112		57	130		47	166		57	202		87	224		123	238		151	194		130	238		159	266		192	268		224	261		255	235		236	190		269	224		308	210		330	174		327	135		301	100		257	112		296	70		278	41		256	12		225	8		200	10	
214-03-F_y
178-02-F_x	18.3459	2.9498	27.3368	1.4240	6.3706	0.2330		(191, 85)	(121, 131)	(151, 203)	(235, 203)	(263, 129)					121	133		69	130		51	169		55	207		80	243		119	253		149	205		119	247		154	277		192	285		230	276		266	250		234	204		271	246		311	234		339	200		339	160		316	120		263	129		309	104		304	64		269	36		229	31		192	36		198	75		190	35		157	26		116	36		80	66		75	107	
178-02-F_y
131-02-F_x	20.3031	2.7861	24.3867	1.4650	6.7428	0.2765		(189, 69)	(115, 125)	(153, 189)	(223, 187)	(259, 123)					189	69		168	34		135	29		102	40		80	66		79	99		115	125		76	133		58	167		64	201		91	227		126	225		153	189		137	246		166	270		198	275		230	262		249	230		222	188		253	225		285	223		311	197		312	165		296	134		259	125		294	102		298	68		278	37		244	24		215	36	
131-02-F_y
091-01-F_x	18.3481	2.5800	20.9111	1.2880	5.2118	0.2492		(191, 76)	(137, 114)	(153, 186)	(225, 188)	(245, 116)					191	76		179	40		149	30		120	41		106	66		106	96		137	116		102	101		73	132		68	165		83	198		116	210		153	186		137	238		166	260		196	267		228	250		250	223		226	187		258	205		289	198		304	167		301	136		283	107		245	118		277	96		273	67		255	42		231	31		204	42	
091-01-F_y
076-01-F_x	17.4443	2.7648	24.0139	1.3944	6.1081	0.2544		(197, 73)	(119, 123)	(155, 201)	(241, 197)	(271, 121)					197	73		197	21		158	16		119	22		86	50		79	89		119	123		63	116		46	157		46	198		77	234		118	244		155	201		126	247		164	280		204	289		243	280		277	241		241	197		262	246		309	233		336	200		340	159		327	118		273	123		309	99		294	64		277	32		242	19		206	22	
076-01-F_y
271-02-F_x	18.2902	2.7990	24.6132	1.5810	7.8524	0.3190		(175, 64)	(89, 122)	(141, 200)	(223, 192)	(251, 114)					175	64		154	18		118	22		82	38		72	68		56	101		90	122		52	133		48	167		50	201		77	233		111	238		141	200		116	244		150	276		189	281		219	263		257	232		224	192		247	240		286	219		303	190		313	154		302	118		253	114		288	84		276	45		251	16		212	18		175	13	
271-02-F_y
024-04-F_x	17.3597	2.7344	23.4900	1.4303	6.4273	0.2736		(182, 74)	(113, 126)	(151, 213)	(230, 201)	(256, 123)			182	169	152	109	73	78	113	74	50	58	99	150	151	121	153	193	233	262	230	260	299	320	319	285	256	290	290	262	217	192		
024-04-F_y															74	36	19	31	72	117	126	120	164	214	245	251	213	234	266	273	266	235	201	236	220	178	136	103	123	123	77	34	21	31	
024-04-F_x	17.3597	2.7344	23.4900	1.4195	6.3298	0.2695		(185, 73)	(113, 126)	(150, 212)	(233, 203)	(256, 122)			185	179	148	104	74	79	113	79	54	48	73	114	150	150	182	214	245	260	233	260	299	320	319	287	256	292	291	266	223	190		
024-04-F_y															73	30	18	37	76	120	126	116	150	193	232	251	212	265	270	274	258	228	203	236	220	178	136	101	122	123	79	37	22	29	
024-04-F_x	17.3751	2.7344	23.4900	1.4076	6.2248	0.2650		(182, 73)	(113, 127)	(152, 213)	(232, 204)	(254, 124)			182	195	153	107	73	78	113	72	49	60	104	154	152	121	146	186	226	261	232	261	300	320	318	284	254	289	292	266	222	177		
024-04-F_y															73	36	20	33	73	117	127	120	167	218	246	256	213	232	263	270	270	241	204	236	219	177	135	102	124	125	80	37	22	28	
106-01-F_x	49.1036	6.9453	151.5401	3.6013	40.7452	0.2689		(188, 61)	(116, 117)	(144, 205)	(234, 205)	(260, 127)			188	163	123	83	65	72	116	74	47	44	62	100	144	131	160	191	227	253	234	282	317	329	331	311	260	302	307	285	247	208		
106-01-F_y															61	22	14	28	67	107	117	103	134	173	212	229	205	252	284	286	274	245	205	230	211	177	141	110	127	106	67	29	16	25	
271-01-F_x	22.1349	3.2431	33.0420	1.7118	9.2057	0.2786		(184, 66)	(108, 126)	(140, 204)	(226, 210)	(264, 124)			184	178	138	102	71	68	108	62	42	39	63	102	140	120	152	181	215	250	226	234	283	320	318	310	264	302	297	270	233	194		
271-01-F_y															66	15	10	26	55	95	126	106	144	183	221	235	204	244	277	296	280	248	210	253	236	209	166	124	124	98	59	25	18	13	
163-01-F_x	18.4596	2.8340	25.2324	1.5909	7.9512	0.3151		(181, 76)	(113, 114)	(139, 190)	(221, 192)	(253, 120)			181	189	155	125	94	80	113	77	55	53	73	106	139	118	142	175	208	239	221	248	280	301	303	292	253	282	272	246	219	191		
163-01-F_y															76	32	28	31	57	90	114	100	132	167	200	217	190	222	252	262	258	231	192	226	207	177	144	111	120	88	61	37	28	36	
206-02-F_x	16.0023	2.4941	19.5427	1.3168	5.4476	0.2788		(204, 71)	(132, 117)	(160, 195)	(236, 193)	(264, 123)			204	193	163	133	107	98	132	84	70	76	100	134	160	133	161	191	221	249	236	262	294	314	317	307	264	298	294	269	241	215		
206-02-F_y															71	34	30	35	61	91	117	120	154	188	218	230	195	227	255	265	259	238	193	229	216	185	153	121	123	100	70	41	27	32	
091-01-F_x	18.4128	2.6180	21.5315	1.2763	5.1171	0.2377		(191, 76)	(137, 116)	(153, 184)	(227, 186)	(247, 120)			191	179	149	120	106	106	137	101	72	70	83	116	153	129	155	189	225	250	227	259	289	304	302	286	247	275	273	257	231	206		
091-01-F_y															76	40	30	41	66	96	116	102	133	165	198	210	184	224	260	265	254	224	186	205	198	168	138	109	120	92	63	37	29	42	
024-01-F_x	19.0920	2.8347	25.2450	1.5493	7.5413	0.2987		(205, 72)	(127, 122)	(161, 208)	(247, 206)	(275, 122)			205	201	160	125	95	86	127	80	65	73	104	142	161	139	172	206	240	268	247	282	317	338	328	320	275	311	302	274	237	200		
024-01-F_y															72	22	14	32	62	99	122	127	166	205	237	255	208	244	272	287	276	251	206	240	218	183	147	111	122	96	59	29	15	17	
024-01-F_x	19.0920	2.8347	25.2450	1.5193	7.2520	0.2873		(204, 72)	(128, 124)	(160, 206)	(244, 206)	(272, 118)			204	196	157	126	95	85	128	81	65	72	103	141	160	134	175	210	245	269	244	276	313	336	328	321	272	311	301	273	236	199		
024-01-F_y															72	19	14	32	61	99	124	126	165	204	236	255	206	252	273	287	272	245	206	240	223	187	150	113	118	95	58	28	15	18	
024-01-F_x	19.0920	2.8275	25.1159	1.5529	7.5758	0.3016		(204, 70)	(128, 120)	(160, 206)	(248, 206)	(274, 122)			204	212	170	134	96	87	128	88	65	73	107	150	160	134	164	202	241	269	248	272	311	336	328	318	274	310	301	267	224	186		
024-01-F_y															70	33	14	29	58	100	120	123	162	205	240	255	206	240	264	287	275	245	206	240	225	187	148	109	122	101	58	22	15	34	
118-05-F_x	16.8299	2.6300	21.7297	1.4909	6.9832	0.3214		(191, 54)	(117, 108)	(143, 194)	(237, 194)	(267, 110)			191	176	147	114	94	77	117	86	61	50	64	102	143	128	153	186	219	245	237	266	301	319	323	315	267	303	290	273	242	211		
118-05-F_y															54	16	19	23	55	92	108	79	116	155	191	214	194	224	255	268	261	229	194	221	206	172	137	102	110	88	57	26	20	17	
077-05-F_x	19.9057	3.1182	30.5472	1.6110	8.1536	0.2669		(193, 76)	(127, 128)	(145, 202)	(227, 200)	(259, 120)			193	184	146	111	88	86	127	99	63	56	81	129	145	108	136	189	242	269	227	240	281	315	325	302	259	294	302	273	231	188		
077-05-F_y															76	32	24	46	84	121	128	96	130	177	224	238	202	217	269	286	271	221	200	233	230	196	155	113	120	116	77	38	18	30	
270-02-F_x	22.3367	3.4044	36.4118	1.6499	8.5518	0.2349		(181, 68)	(117, 118)	(145, 200)	(231, 198)	(257, 118)			181	183	146	108	76	70	117	62	45	48	72	111	145	115	145	182	219	252	231	263	303	325	332	310	257	291	287	253	226	192		
270-02-F_y															68	17	22	30	52	90	118	118	157	195	229	241	200	238	270	274	279	249	198	241	226	188	148	109	118	91	57	44	19	21	
DB-F1-065-face_x	22.9455	3.5786	40.2325	1.9028	11.3745	0.2827		(147, 64)	(77, 120)	(105, 200)	(185, 200)	(213, 122)			147	139	96	53	34	40	77	45	21	18	43	85	105	83	110	148	186	210	185	206	247	273	263	249	213	249	254	229	189	148		
DB-F1-065-face_y															64	23	15	34	76	118	120	105	142	184	219	242	200	235	271	279	269	231	200	232	220	182	142	101	122	110	70	34	15	17	
