005-02-F_x	190.1	123	46	184	332	263
005-02-F_y	130.7333333	10	166	280	177	12
005-03-F_x	197.2666667	121	54	199	342	268
005-03-F_y	136.6	15	183	291	175	17
010-01-F_x	191.6	95	48	195	333	281
010-01-F_y	150.8666667	25	194	293	202	35
010-02-F_x	184.3333333	100	40	182	325	262
010-02-F_y	146.4	22	188	296	190	26
017-01-F_x	178.3	93	44	178	316	257
017-01-F_y	142.1666667	35	193	284	196	22
017-02-F_x	163.1333333	84	22	162	295	243
017-02-F_y	141.6333333	25	191	284	188	24
018-03-F_x	188.7	93	59	205	317	256
018-03-F_y	130.7666667	30	170	267	164	16
018-04-F_x	201.5333333	115	57	207	336	292
018-04-F_y	132.7	16	165	277	182	23
023-03-F_x	187.6666667	111	54	183	324	262
023-03-F_y	133.7	22	168	276	173	28
023-04-F_x	185.8	105	51	188	318	265
023-04-F_y	136.9	22	174	283	176	26
024-01-F_x	202.0666667	135	74	201	339	268
024-01-F_y	146.7666667	28	209	287	179	23
024-04-F_x	188.2333333	107	60	186	320	266
024-04-F_y	148.8	33	218	270	177	37
031-01-F_x	198.8	126	58	197	340	275
031-01-F_y	139.2333333	19	175	295	179	28
031-02-F_x	203.5	125	69	209	345	270
031-02-F_y	135.8333333	17	184	283	172	24
036-01-F_x	189.4333333	96	57	192	316	280
036-01-F_y	144.8	38	185	282	183	27
036-02-F_x	191.4333333	125	74	193	301	270
036-02-F_y	142.9	43	178	266	173	54
042-01-F_x	182.7666667	103	48	179	317	260
042-01-F_y	143.8333333	30	185	285	185	36
042-02-F_x	183.6	111	41	174	318	281
042-02-F_y	147.4666667	14	185	294	199	32
045-01-F_x	198.3666667	120	60	203	328	276
045-01-F_y	140.7666667	26	182	286	185	23
045-03-F_x	198.3	139	70	192	318	278
045-03-F_y	138.7	22	174	271	180	41
050-03-F_x	190.9333333	108	62	190	321	267
050-03-F_y	134.7	40	168	283	160	25
050-04-F_x	181.0333333	97	48	184	309	260
050-04-F_y	139.5333333	40	172	284	165	41
053-01-F_x	177.8666667	103	56	170	299	257
053-01-F_y	131.5	26	161	270	166	29
053-02-F_x	190.6	127	35	186	330	264
053-02-F_y	139.6333333	12	176	292	192	30
055-01-F_x	190.8666667	126	35	187	332	268
055-01-F_y	139.2666667	12	176	292	188	30
055-02-F_x	189.7666667	123	50	190	328	256
055-02-F_y	137.9666667	12	180	289	185	16
056-01-F_x	193.3666667	117	55	198	333	263
056-01-F_y	140.0666667	21	187	286	194	18
056-05-F_x	182.7	88	50	181	324	264
056-05-F_y	147.4	35	197	289	200	23
057-01-F_x	190.3	117	67	187	314	263
057-01-F_y	137.1666667	25	178	273	169	25
057-02-F_x	187.7666667	106	55	185	321	269
057-02-F_y	136.0666667	20	174	283	178	16
062-01-F_x	198.7	138	81	196	312	263
062-01-F_y	132.5	36	166	253	163	38
062-02-F_x	184.9333333	127	50	170	309	273
062-02-F_y	141.2	21	164	272	192	44
076-01-F_x	196.3333333	119	46	204	336	277
076-01-F_y	146.4333333	22	198	289	200	32
076-02-F_x	199.7	121	57	194	340	285
076-02-F_y	139.1333333	20	187	282	182	29
077-03-F_x	195.3333333	124	69	195	321	258
077-03-F-y	144.1666667	32	183	281	181	27
077-05-F_x	190	120	57	187	315	262
077-05-F_y	144.5333333	39	180	286	195	31
078-01-F_x	183.5666667	102	42	186	319	266
078-01-F_y	144.5	25	179	288	186	24
078-02-F_x	185.3	93	48	189	321	268
078-02-F_y	148.4333333	30	203	283	191	32
079-01-F_x	198.3333333	127	82	199	318	263
079-01-F_y	146.1	43	185	278	181	39
079-02-F_x	196.2666667	127	65	196	322	264
079-02-F_y	132.8666667	20	167	277	172	20
082-02-F_x	184.9333333	118	72	169	300	253
082-02-F_y	148.2	57	190	262	184	52
082-03-F_x	191.5666667	130	80	183	296	263
082-03-F_y	144.3	54	166	252	183	57
083-01-F_x	188.4333333	112	45	193	325	262
083-01-F_y	135.7666667	17	181	289	175	21
083-02-F_x	186.0666667	108	49	193	324	259
083-02-F_y	138.8	18	187	290	184	21
084-01-F_x	184.8333333	104	48	188	323	259
084-01-F_y	134.2666667	19	173	283	176	23
084-02-F_x	187.2333333	108	48	191	326	267
084-02-F_y	144.9	24	193	290	191	29
091-01-F_x	190.2	120	68	196	304	255
091-01-F_y	136.3666667	41	165	267	167	42
091-02-F_x	190.4	112	67	185	321	272
091-02-F_y	138.6	33	167	279	175	32
094-01-F_x	188.1666667	96	47	191	324	277
094-01-F_y	139.6333333	25	181	286	183	26
094-02-F_x	199.7333333	114	64	205	339	290
094-02-F_y	139.7666667	30	183	285	171	38
099-01-F_x	189.6	109	51	178	332	272
099-01-F_y	128.3	19	158	280	154	21
099-02-F_x	187.8	102	53	198	323	259
099-02-F_y	136.6666667	26	182	289	171	20
106-01-F_x	186.8	81	43	182	330	290
106-01-F_y	142.5	29	171	287	172	32
106-02-F_x	194.6	89	52	199	332	287
106-02-F_y	142.7	20	192	292	182	23
107-02-F_x	170.1333333	76	34	175	303	259
107-02-F_y	142.2666667	34	186	286	180	27
107-03-F_x	190.5666667	109	64	192	317	268
107-03-F_y	141.9	25	186	283	187	30
112-01-F_x	180.4333333	85	43	176	324	260
112-01-F_y	147.0333333	38	193	286	183	24
112-02-F_x	190.2333333	98	58	195	323	275
112-02-F_y	142.8666667	32	185	280	174	25
118-04-F_x	181.4333333	101	43	181	325	261
118-04-F_y	129.9	23	161	266	158	25
118-05-F_x	188.5666667	105	48	186	319	271
118-05-F_y	129.5666667	31	146	268	171	25
119-01-F_x	188.6666667	101	51	212	318	262
119-01-F_y	147.2	33	189	287	174	42
119-02-F_x	189.7	114	63	191	307	270
119-02-F_y	151.6666667	52	188	271	186	55
127-01-F_x	182.4333333	100	29	191	329	278
127-01-F_y	149.7333333	28	191	286	212	32
127-02-F_x	190.4	100	52	194	335	279
127-02-F_y	152.0666667	36	197	290	199	47
131-01-F_x	195.3666667	129	82	190	303	272
131-01-F_y	140.8333333	44	183	252	186	53
131-02-F_x	189.4333333	102	64	198	311	278
131-02-F_y	147.0333333	40	201	275	197	37
141-01-F_x	183.2333333	88	51	196	327	252
141-01-F_y	141.5666667	33	189	287	168	20
141-02-F_x	188.7333333	117	70	188	313	247
141-02-F_y	152.4333333	48	204	286	184	39
143-01-F_x	193.6333333	107	51	207	322	290
143-01-F_y	142.1	21	177	289	198	31
143-02-F_x	180.8	96	41	175	321	268
143-02-F_y	144.3666667	29	176	293	187	23
145-02-F_x	186.4	122	59	192	305	260
145-02-F_y	135.8	37	171	273	169	36
145-03-F_x	175.2	86	47	190	310	239
145-03-F_y	131.2333333	32	177	273	153	22
147-01-F_x	180.9	115	61	187	293	250
147-01-F_y	139.5	35	176	267	174	43
147-02-F_x	168.3666667	94	31	165	302	239
147-02-F_y	141.1666667	23	182	283	182	30
153-01-F_x	193.2666667	117	47	182	333	285
153-01-F_y	141.2	20	182	285	188	23
153-02-F_x	187.7333333	117	55	186	316	261
153-02-F_y	138.7	29	171	281	186	30
155-02-F_x	186.3333333	101	48	189	323	269
155-02-F_y	138.8666667	22	189	284	176	22
155-03-F_x	188.4333333	100	47	185	332	273
155-03-F_y	143.8333333	23	201	289	184	23
157-01-F_x	188.6	124	60	186	315	264
157-01-F_y	140.2	34	173	265	180	44
157-02-F_x	183.9666667	111	44	172	318	282
157-02-F_y	139.1666667	22	176	271	183	33
160-02-F_x	188.5333333	107	53	185	316	271
160-02-F_y	142.9333333	36	179	285	178	33
160-03-F_x	197	126	69	207	329	269
160-03-F_y	151.8666667	40	188	290	195	32
161-01-F_x	190.7	126	62	206	311	256
161-01-F_y	137.6666667	39	172	250	189	48
161-02-F_x	179.5666667	103	45	181	319	253
161-02-F_y	146.7	39	195	278	198	48
163-01-F_x	181.1666667	139	53	176	299	236
163-01-F_y	137.0666667	28	169	262	181	32
163-02-F_x	183.2333333	117	58	187	311	246
163-02-F_y	143.0666667	34	187	271	178	41
164-01-F_x	189.7	109	64	190	323	269
164-01-F_y	142.1333333	29	196	285	192	32
164-02-F_x	190.0333333	115	61	188	313	274
164-02-F_y	135.3333333	23	180	262	182	32
165-02-F_x	177.4	100	51	182	300	252
165-02-F_y	140.3333333	36	181	276	176	36
165-03-F_x	186.9666667	119	75	196	296	257
165-03-F_y	146.8	49	174	267	191	54
176-01-F_x	190.3333333	112	57	189	323	268
176-01-F_y	129.1333333	16	173	269	169	15
176-03-F_x	198.8666667	114	49	199	336	286
176-03-F_y	140.8	23	175	292	185	27
178-01-F_x	186.8333333	105	42	199	329	256
178-01-F_y	146.0333333	31	185	285	193	33
178-02-F_x	193.2333333	116	55	192	339	269
178-02-F_y	152.8	36	207	285	200	36
194-01-F_x	196.2666667	122	58	191	337	271
194-01-F_y	134.6666667	15	174	288	175	16
194-02-F_x	196	120	48	201	334	273
194-02-F_y	133.5333333	12	157	288	171	18
206-02-F_x	197.4333333	141	77	196	310	264
206-02-F_y	143.2333333	32	191	264	199	34
206-03-F_x	186.9666667	119	57	185	315	255
206-03-F_y	139.9333333	29	176	287	173	27
211-01-F_x	190.6333333	120	71	177	321	272
211-01-F_y	134.8333333	24	184	269	164	33
211-02-F_x	184.3	106	60	198	303	253
211-02-F_y	143.9333333	44	181	271	177	45
213-01-F_x	186.5333333	101	41	180	324	284
213-01-F_y	139.3	25	177	287	185	31
213-02-F_x	185.6	90	52	188	322	273
213-02-F_y	140.4666667	40	175	273	178	40
214-03-F_x	187.4333333	99	57	192	330	256
214-03-F_y	136.2333333	23	202	268	174	12
214-04-F_x	181.4333333	114	41	170	314	261
214-04-F_y	135.4666667	20	172	270	181	15
218-01-F_x	193.6	129	55	183	328	276
218-01-F_y	142.1333333	43	174	259	184	47
218-02-F_x	189.5333333	110	54	200	330	252
218-02-F_y	145.1666667	46	198	277	193	64
227-05-F_x	186.2	112	57	181	319	264
227-05-F_y	140.5	30	185	277	178	31
227-06-F_x	197.4	125	66	197	325	275
227-06-F_y	124.6666667	14	156	266	169	15
228-01-F_x	181.5666667	73	47	180	316	277
228-01-F_y	145.3333333	36	200	294	178	24
228-02-F_x	183.1	88	48	188	320	275
228-02-F_y	147.7333333	21	199	289	198	24
229-01-F_x	186.1333333	113	72	189	299	258
229-01-F_y	150.5	46	185	276	190	53
229-02-F_x	162.3333333	87	41	168	282	228
229-02-F_y	141.9	47	174	267	174	40
233-03-F_x	186.1333333	113	51	193	316	264
233-03-F_y	137.5666667	24	178	279	187	21
233-04-F_x	177.1333333	104	39	183	310	245
233-04-F_y	142.9	27	186	286	179	27
237-01-F_x	196.1666667	121	60	192	329	278
237-01-F_y	133.9	23	168	281	176	25
237-02-F_x	190.6666667	100	60	183	328	281
237-02-F_y	145.9	34	185	294	182	34
241-01-F_x	190.8	124	62	194	322	253
241-01-F_y	137.4333333	30	176	278	166	29
241-02-F_x	190.0333333	125	75	202	297	248
241-02-F_y	136.6666667	33	179	261	172	36
243-01-F_x	190.2	105	60	191	324	276
243-01-F_y	145.2	20	187	284	201	32
243-02-F_x	189.8	117	59	187	323	268
243-02-F_y	136.2333333	17	174	283	174	25
244-01-F_x	189.5333333	115	66	184	318	260
244-01-F_y	141.4666667	33	195	269	188	25
244-03-F_x	191.1333333	130	60	186	308	267
244-03-F_y	148.8333333	26	174	280	202	42
247-01-F_x	194.7333333	120	70	196	319	273
247-01-F_y	129.1666667	15	159	269	173	25
247-02-F_x	185.8666667	118	63	187	307	253
247-02-F_y	130.7	27	178	269	163	25
250-01-F_x	180.1333333	107	51	165	309	265
250-01-F_y	145.2333333	31	200	271	194	44
250-02-F_x	193.8	132	88	192	297	260
250-02-F_y	143.0666667	54	181	244	182	61
253-01-F_x	171.5	87	45	162	296	254
253-01-F_y	138.3666667	45	161	268	204	25
253-05-F_x	187.8666667	113	67	181	314	259
253-05-F_y	133.5	34	177	260	174	28
269-01-F_x	181.8666667	114	38	167	314	272
269-01-F_y	143.1666667	26	170	288	193	40
269-02-F_x	173.9333333	80	32	169	315	274
269-02-F_y	148.5666667	28	186	289	197	46
270-01-F_x	187.8333333	111	46	185	327	270
270-01-F_y	143.8333333	29	197	280	183	31
270-02-F_x	185.1	110	53	184	322	252
270-02-F_y	145.7	30	213	272	190	43
271-01-F_x	182.4	107	36	201	312	264
271-01-F_y	145.2	26	176	294	223	21
271-02-F_x	172.8333333	73	49	191	305	234
271-02-F_y	141.5	42	198	282	183	16
278-01-F_x	174.3	109	55	184	298	223
278-01-F_y	139.0666667	37	178	270	172	33
278-02-F_x	185.3333333	117	77	190	295	244
278-02-F_y	138.1333333	55	162	254	164	50
279-02-F_x	182.6666667	117	70	185	291	249
279-02-F_y	147.9333333	52	186	271	184	53
279-03-F_x	189.4	116	68	203	305	253
279-03-F_y	139.2	39	176	260	188	40
291-01-F_x	194.3666667	110	62	195	337	267
291-01-F_y	141.4666667	18	194	284	164	32
291-03-F_x	163.2	92	55	150	272	249
291-03-F_y	139.4	42	163	257	182	55
294-01-F_x	184.2	106	54	169	320	267
294-01-F_y	148.0666667	40	192	286	186	41
294-02-F_x	192.8	112	83	185	313	267
294-02-F_y	148.4333333	44	214	270	182	45
296-01-F_x	183.6333333	115	60	170	311	248
296-01-F_y	134.2333333	29	176	265	177	36
296-02-F_x	175.7666667	95	47	168	302	257
296-02-F_y	137.9666667	38	172	270	171	34
310-01-F_x	187.1666667	109	56	189	317	266
310-01-F_y	141.5666667	32	171	281	175	39
310-02-F_x	176.7333333	109	45	169	304	256
310-02-F_y	138.4	30	171	270	178	41
999-01-F_x	0	-5.88	-9.51	0	9.51	5.88
999-01-F_y	0	-8.09	3.09	10	3.09	-8.09
000_12312x	0	-0.484	-1.94	0	1.94	1.176
000_12312y	0	-1.94	-0.484	2	-0.484	-1.618